Autoestrada de Entre-Douro-e-Minho;180;17;18;19;20;21;22;23;24;25;26;27;28;29;30;31;1682;1683;1684;1685;1686;3091;3092;3093;3094;3095;3096;3097;3098;9088;9089;9090;9091;9092;9093;9094;9095;9096;9097;9098;16;11015;11016;11017;11018;11019;11020;11021;11022;11023;11024;11025;11026;11027;11028;11029;11030;11031;11032;11033;11281;11282;32;11286;11287;11288;11289;11290;11291;11292;57;11293;11294;11295;11296;51;11297;11298;11299;11300;11301;11302;103;107;11303;11304;11305;11306;11307;11308;11309;11310;11311;11312;11313;11314;11315;11316;11317;11318;11319;11320;11321;11322;11323;11324;11325;11326;11327;11328;11341;11342;11343;11344;11345;11346;11347;11348;11349;11350;11351;11352;11353;11354;11355;11356;11357;11358;11359;11360;11361;11362;11363;11364;11365;11366;11367;11368;11369;11370;11371;11372;11373;11374;11375;11376;11377;11378;11379;11380;11381;11382;11383;11384;11385;11386;11387;11388;11389;11390;11391;11392;11393;11394;11395;11396;11397;11398;11399;11400;11401;11402;11403;11404;11405;11406;11407;11408;11409;11410;11411;
Rua de Tourais;4;161;162;163;164;
Rua do Salvado;2;165;166;
Rua de Passos Manuel;14;167;168;169;170;179;180;178;181;182;183;184;185;186;187;
Avenida Engenheiro António Jorge Oliveira Maia;14;171;172;173;174;175;176;177;178;239;240;241;242;243;244;
Rua Monte dos Pipos;38;188;189;190;191;192;1055;1056;1057;1058;715;714;1059;1060;700;1061;1062;1063;1064;1065;1066;1067;1068;201;1069;4869;4870;196;187;5405;5406;5407;5408;5409;963;13614;13615;13616;13617;
Lugar da Igreja;4;193;194;195;196;
Rua Engenheiro António Jorge Oliveira Maia;10;197;198;199;200;201;202;203;204;205;206;
Rua do Monte Ramalhão;10;207;208;209;210;211;212;213;214;215;216;
Travessa do Monte Ramalhão;3;217;216;208;
Largo do Padre Joaquim Pereira dos Santos;6;218;219;220;207;221;1070;
Travessa de Tourais;1;222;
Rua do Reguinho de Água;16;223;224;225;226;227;228;229;230;231;232;233;234;235;236;237;238;
Rua da Lomba;22;245;246;247;248;249;250;251;187;11611;11612;1070;14677;14678;14679;221;14680;14681;14682;14683;14200;14684;172;
Estrada Exterior da Circunvalação;139;273;274;275;272;276;277;278;279;1671;1672;4521;6722;6723;6724;121;8897;8898;8899;8900;8901;9182;9197;9187;9198;9199;9200;9201;9202;5304;6915;9205;9206;9207;9208;8260;9209;9210;9211;9212;9213;9214;9215;9216;9217;9218;9219;9220;9221;9222;9223;9224;120;9225;1254;5840;9226;1478;9227;9228;9229;9230;8962;9231;9005;5786;9232;9233;9234;5752;9235;4716;4768;9236;1510;9237;9238;9239;9240;9241;9242;9243;9244;2275;1520;6947;6950;319;6877;9245;7828;1567;5450;9246;9247;7841;11104;10082;11340;11858;10129;11859;11860;2151;11861;11862;11863;4542;4548;11864;3023;11865;11866;11052;11051;3490;10108;3017;10127;11867;11868;11869;10083;11870;10091;11871;11872;11873;11874;3492;3496;11875;11876;8007;10122;11877;11878;2795;11879;11880;
Avenida da Associação Empresarial de Portugal;38;289;290;291;292;293;294;1920;1921;1922;1923;1924;1925;1926;1927;1928;1929;5171;5172;345;327;9133;3928;11588;6415;13287;13288;14147;14148;14149;9873;14150;13939;14151;14152;14153;14154;13931;14544;
Rua Dom Jerónimo de Azevedo;41;295;296;297;298;299;300;301;302;303;304;305;306;307;308;309;310;311;312;313;314;315;316;317;318;319;7550;7551;7552;7553;7554;7555;7556;7557;7558;7559;7560;7561;7562;7563;7564;2281;
Rua do Conde da Covilhã;23;320;321;322;323;332;333;334;335;336;337;1909;324;1910;1911;1912;1913;1914;1915;1916;1917;1918;1919;1846;
Rua do Monte dos Burgos;20;381;382;383;384;385;386;387;388;389;390;391;392;393;394;395;396;397;398;399;400;
Rua de Silva Brinco;10;401;402;403;404;405;2405;3596;6693;8379;2402;
Praça Nove de Abril;12;406;407;408;1724;1725;1726;1727;2022;2023;537;12873;12874;
Rua da Igreja de Paranhos;18;465;466;467;517;468;520;1720;1721;1722;1723;1235;1830;1831;1832;458;1842;12853;518;
Rua Igreja de Paranhos;3;518;519;520;
Rua do Amial;33;531;437;532;533;534;450;535;536;537;451;538;539;540;436;4519;4520;2797;4521;6716;2956;3422;3410;6717;6718;6719;6720;6721;1576;9716;9717;3277;1607;9718;
Rua da Barranha;39;550;551;552;553;554;555;556;557;558;559;560;561;562;563;564;565;566;567;568;569;570;3628;3629;3630;8478;8562;8563;8564;8545;8565;8506;8566;8567;8568;8569;8570;8571;8572;6388;
Rua da Lagoa;24;571;572;573;574;778;779;780;781;782;783;784;785;786;801;6393;6394;3650;6395;6396;6397;4469;6776;588;6777;
Rua Eça de Queiróz;14;575;576;577;578;579;580;581;582;583;584;585;586;587;588;
Avenida Calouste Gulbenkian;77;614;615;616;617;571;618;619;592;613;620;1176;1177;1178;1179;1180;1181;1182;1185;1186;4457;4458;4459;4460;597;6378;6379;6380;6381;6382;6383;6384;6385;6386;6387;6388;6389;6390;6391;6392;4298;876;6747;6748;6749;804;4308;6956;6957;6958;6959;6960;6961;6962;6963;9134;9135;9136;9137;6976;9138;9139;9140;9141;9142;14115;14116;14117;9099;14118;14119;14007;14120;14121;14000;14122;14123;4311;
Rua Dom João Coutinho;43;621;622;623;624;625;626;627;628;629;630;631;632;633;634;635;636;637;638;639;640;641;642;643;644;645;646;647;648;649;650;651;652;653;654;655;2243;2244;2245;2246;2247;7525;7526;7527;
Rua Ferreira de Castro;34;656;657;658;659;8154;8155;8156;8157;8158;8159;8160;8161;7527;8162;8163;8164;8165;8166;8167;8148;8149;8168;8169;8170;8171;8172;8173;7529;2289;9287;9288;9289;8135;8150;
Rua de Maria Lamas;29;660;661;662;663;664;665;666;667;668;669;670;671;672;673;674;675;676;677;678;679;680;681;682;683;684;685;686;687;688;
Autoestrada Porto - Amarante;124;689;690;691;692;693;694;695;696;697;698;699;1869;1870;1871;1872;1873;1874;1875;1876;4835;4836;4837;4838;1329;4839;4840;4841;4842;4843;4844;4845;4846;4847;4848;4849;935;4871;4890;5572;5573;5574;5575;5576;5577;5578;1368;5579;5580;1311;5581;5582;5583;1268;5584;5585;5586;5587;5588;5589;5590;5591;4926;5592;5593;7614;7615;7616;7617;7618;7619;7620;7621;7622;7623;7624;7625;7626;7627;7628;7629;7630;7631;7632;7633;7634;7635;7636;7637;4495;7638;7639;7640;7641;7642;7643;7644;7645;7646;7647;7648;7649;7650;7651;7652;7653;4803;7654;7655;7656;7657;7658;7659;7660;964;7661;7662;877;7663;7664;777;7665;12307;12308;4804;
Rua Mundo Novo;14;700;701;702;703;704;705;706;707;708;709;710;711;712;713;
Rua Nova do Monte dos Pipos;1;714;
Travessa Monte dos Pipos;5;715;716;717;718;719;
Travessa Porto Mouro;4;720;721;722;723;
Rua Madalena;6;738;739;740;7724;7719;7725;
Travessa da Fontinha;8;741;742;743;744;745;4510;4511;1702;
Rua Goncalo Sintra;3;746;747;748;
Via Regional Interior;51;756;757;758;759;760;761;762;763;764;765;766;767;768;769;770;771;772;773;774;775;776;777;877;878;879;880;881;882;883;884;885;886;887;888;889;890;891;892;893;894;895;920;921;922;923;924;925;926;4415;4416;4417;
Avenida Vasco da Gama;55;787;788;789;790;791;792;793;786;794;795;796;797;798;799;800;801;802;803;2487;2488;2489;2490;2491;4873;4874;4875;604;5968;3736;5969;5970;5971;5983;5984;5985;5986;5987;5988;5989;609;596;6750;6751;6752;6753;6754;6755;6756;6757;575;6758;7690;7691;7692;7452;
Rua Fonte do Cuco;11;804;805;806;807;808;809;167;810;811;812;813;
Rua Costa Fontes;3;814;815;167;
Rua Doutor Bernardino Machado;6;816;817;818;819;820;810;
Rua do Sobreiro;23;821;822;823;824;825;826;813;3779;7449;7450;7084;7451;7452;7693;3773;870;11536;11537;871;11927;11928;11929;3816;
Rua da Nossa Senhora de Fátima;7;827;828;816;829;830;831;782;
Rua dos Casais Novos;2;832;815;
Rua da Quinta de Cete;3;833;834;828;
Rua Mecos;16;835;836;837;838;839;840;841;842;843;844;845;846;847;848;849;850;
Travessa Mecos;6;851;852;853;854;855;856;
Avenida Fabril do Norte;66;858;859;860;861;862;863;864;865;866;867;868;869;870;871;1551;1552;1553;1554;1542;1535;3836;3837;3838;3839;3840;3841;3842;3843;6790;3835;6791;3823;6792;3794;7126;7127;7128;7129;7130;7131;3773;11534;3774;13618;13619;13620;13621;10616;13622;13623;13624;13625;13626;6397;13627;13628;13629;13630;7062;13631;7853;7839;13632;10638;13633;3782;
Rua Cândido dos Reis;60;896;897;898;899;900;901;902;903;904;905;906;907;908;909;910;911;912;913;914;915;916;947;5890;5891;5892;5893;5894;5895;5405;6586;6628;6629;6630;6631;984;813;5385;9084;5386;10316;10317;10318;10319;10320;6585;10622;10623;10624;10625;858;10626;10627;10628;10629;11882;11883;7378;7203;10321;10263;
Rua General José Vicente de Freitas;23;941;942;943;944;945;946;947;948;949;950;951;952;953;954;955;956;957;958;959;960;961;962;963;
Rua Doutor Salgado Zenha;20;974;975;976;977;941;978;979;980;905;1038;1039;1014;1040;1041;1011;1051;1052;1053;1054;199;
Avenida Doutor Salgado Zenha;83;988;989;990;991;992;849;993;994;995;188;996;997;998;999;850;1000;1001;1002;1003;1004;1005;1006;1007;1008;1009;1010;1011;1012;1013;1014;1015;1016;1017;1018;1019;1020;1021;1022;1023;1024;1025;1026;1027;168;1028;1029;1030;1031;1032;1033;1034;1035;1036;1037;1042;1043;1044;1045;1046;1047;1048;1049;1050;6759;6760;6761;6762;6763;6764;6765;6766;6767;6768;5429;804;6769;6770;6771;6772;6773;6774;6775;614;
Travessa da Regedoura;14;1070;1071;1072;1073;1074;1075;1076;1077;1078;1079;1080;1081;1082;1083;
Rua da Cavadinha;11;1084;1085;1086;1087;1088;1089;1090;1091;1092;1093;11945;
Travessa das Laranjeiras;12;1094;1095;1096;1097;1098;1099;1100;1101;1102;1103;1104;1105;
Rua Nova Fonte dos Alhos;17;1106;1107;1108;1109;1110;1111;1112;1113;1114;1102;1115;1116;1117;1118;1119;1120;1121;
Avenida do Conde;30;1122;1123;1124;1125;1126;6670;1175;6671;6672;6673;6674;6675;6676;6677;6678;6679;6680;2170;6681;6682;2419;8368;2883;2416;8369;8370;2886;8371;8372;8373;
Rua das Laranjeiras;7;1147;1148;1149;1150;1151;1152;1153;
Rua Godinho de Faria;33;1163;1164;1165;1166;1167;1168;1169;1170;1171;1172;1173;1174;1175;1310;4390;4391;4392;4393;4394;4395;4396;4397;4398;4399;4400;4401;8374;2398;8375;8376;8377;8378;8379;
Rua da Asprela;5;1183;1184;3016;3017;3018;
Rua de Oliveira Gaio;22;1187;1188;1189;1190;1191;1192;1193;1183;1199;1200;1201;1202;1203;1204;1205;1206;1207;1208;1209;1210;1231;1232;
Rua de Henrique Bravo;47;1194;1195;1196;1197;1198;1153;2615;2616;2617;2618;2619;2620;2621;2622;2623;2624;2625;2626;2627;2628;2629;2630;2631;2632;2633;2634;2635;2636;2637;2638;2639;2640;2641;2642;2643;2644;9934;9935;9936;3589;9937;9938;9939;2593;9940;1122;12889;
Rua Doutor António Bernardino de Almeida;43;1211;1212;1213;1214;1215;1216;1217;1218;1219;1220;1221;1222;1223;1224;1225;1226;1227;1228;1229;1230;5570;5571;1246;11946;11947;11948;11949;11950;11951;11952;11953;2045;1245;12216;12217;12218;12220;12221;12236;12237;12238;12222;12226;
Rua de Leonardo Coimbra;12;1233;1234;1251;1247;2025;2026;2027;2028;2029;2030;2031;3102;
Rua de Dionísio Santos Silva;13;1235;1236;1237;1238;1239;1240;1241;1242;1243;1244;1245;1246;2025;
Rua de Delfim Maia;8;1247;1248;1249;1250;2024;1727;2132;1832;
Rua Bernardim Ribeiro;17;1252;1253;1254;1443;1444;1445;1446;1447;1448;1449;1450;1451;1452;1453;1454;1455;1456;
Rua Laranjeiras;16;1271;1272;1273;1274;1275;1276;1277;1278;1167;4383;4384;4385;4386;4387;4388;4389;
Rua da Mainça;37;1391;1392;1393;1394;1395;1396;1397;1398;1399;1400;1401;1402;1403;1404;1405;1406;1407;1408;1409;1410;1411;1412;1413;1414;1415;1416;1417;1418;4628;4629;4630;4631;4632;1384;6794;6795;1387;
Rua Santos Lessa;7;1441;1442;4886;4887;4888;4632;4889;
Travessa Bernardim Ribeiro;1;1457;
Rua de Diu;21;1458;1459;1457;1460;1461;1462;1463;1464;1465;1466;1467;1468;1469;1470;1471;1472;1473;1474;1475;1443;1476;
Rua de Goa;6;1477;1461;5817;5823;5826;5834;
Rua Nova do Seixo;23;1478;1479;1480;1476;1481;1482;1483;1484;1485;1486;1487;1488;1489;1490;1491;1492;1493;1494;1495;1496;1497;1498;1499;
Rua de Mormugão;7;1500;1501;1467;1502;1503;1504;1505;
Rua do Alto do Viso;19;1506;1507;1508;1509;1510;2286;9809;9810;9892;10116;10117;10118;10119;10120;10121;12713;12714;12715;12716;
Avenida Luís Azevedo Coutinho;21;1511;1512;1513;1514;1515;1516;1517;1518;1519;1506;8215;8216;8217;8218;8204;8203;8219;8220;8221;8222;8223;
Avenida da Senhora da Hora;17;1520;1521;1522;1523;1524;1525;1526;1527;1528;1529;6799;1549;6850;6851;6852;6853;6805;
Avenida António Domingues dos Santos;11;1555;1556;1182;9581;1154;9680;9681;1159;3631;9682;7837;
Rua Henrique Pousão;72;1557;1558;1559;1560;1561;1562;1563;1564;1565;1566;2201;2202;2203;6951;6952;6953;6954;6955;3704;8284;5456;8285;8286;8287;8288;8289;8290;12852;14018;14019;14052;14053;14054;8347;14055;8300;14056;14057;14058;14059;8330;14060;14061;14062;14063;14064;14065;14066;14067;14068;14069;8331;8337;14070;14071;14072;14073;8298;14074;14075;8338;14076;14077;8345;14078;14079;14080;14081;14082;14083;10657;2123;
Avenida Doutor Manuel Teixeira Ruela;32;1567;1568;1569;1570;1571;1572;1573;1574;1575;1544;2115;2116;2117;2118;2119;1560;2120;2121;2122;2123;5449;1557;9267;5466;9268;1548;9270;9271;9272;9273;14214;1562;
Rua da Telheira;29;1576;1577;1578;1579;1580;1581;1582;1583;1584;1585;1586;1587;1588;1589;1590;1591;1592;8029;8027;2978;8030;8028;9386;9394;11109;11110;2985;9407;11111;
Praceta Cristóvão Falcão;4;1593;1594;1595;1445;
Rua Cristóvão Falcão;8;1596;1597;1598;1599;1600;1601;1602;1452;
Rua das Cravinas;4;1603;1604;1605;1606;
Rua do Engenheiro Carlos Amarante;11;1607;1608;1609;1610;1611;1612;1613;1614;1615;1616;1617;
Avenida da Liberdade;40;1618;1619;1620;1621;1622;1623;1624;1625;1626;1627;1628;1629;1630;1631;1632;1633;1634;356;1635;1636;1637;1638;1639;1640;1641;1642;1643;1644;1645;1646;1647;1648;1649;1650;1651;1652;1653;1654;1655;1656;
Estrada Interior da Circunvalação;128;1673;1211;8360;8361;9085;9086;9087;2150;9248;9249;9250;9251;9252;9253;9254;9255;9256;6907;1930;9257;9258;9259;9260;9261;9262;9873;9874;9875;9876;9877;9869;6912;9872;9878;9879;9880;9881;5455;9882;9883;6875;317;9884;6822;9885;2276;9886;9887;9888;9889;9890;9891;9892;9893;5750;5754;5738;9894;5706;5791;9895;5716;9896;9897;9898;9899;9900;9901;9902;381;9903;5845;9904;132;9905;9526;9906;160;9907;9908;128;9909;9910;9911;9426;11105;11106;6716;11107;11108;2954;11844;11845;11846;3419;3423;11847;11848;11849;11850;2133;11851;11852;11853;11854;3375;11855;10123;11856;10111;11857;10128;2152;14203;14204;14205;93;14222;5301;2332;9263;14223;9266;14224;14225;14226;14227;11918;
Travessa da Prelada;32;1687;1688;1689;1690;1691;1692;1693;1694;2935;2936;2937;2938;2939;2940;2941;2942;2943;2944;1806;4883;5015;5016;5017;5018;5019;5020;5021;5022;5023;5024;5025;5026;
Rua Porto Mouro;15;1695;1696;1697;1698;1699;713;1700;719;1701;1702;1703;723;1704;1705;1057;
Rua Luís Woodhouse;4;1706;1707;1708;1710;
Rua de Pereira Reis;2;1709;1710;
Rua de Assis Vaz;3;1711;1712;5132;
Rua de Aval de Baixo;4;1713;1714;1715;1716;
Rua Hernâni Torres;19;1717;1718;1716;9029;9030;9031;9032;9033;9034;4707;9035;9036;9037;9038;9039;9040;9041;9042;4691;
Rua de Aval de Cima;1;1719;
Rua de Luz Soriano;10;1728;1729;1730;1731;1732;1733;1734;1735;1736;1725;
Rua de Carlos da Maia;6;1737;1738;1739;1740;1741;1249;
Rua de Júlio Ramos;20;1742;1743;1744;1745;1746;1747;1748;1749;1750;1751;1752;1753;1754;1755;1756;1757;1721;13558;13559;2107;
Rua Nove de Abril;15;1758;1759;1760;9314;406;1782;9787;1775;9788;9789;9790;9791;9792;9793;1771;
Rua de Monsanto;22;1761;1762;1763;1764;1765;1766;1767;11595;12672;12673;12674;12675;1785;12669;1797;12676;12677;1772;12678;1781;12679;9314;
Travessa Nova do Vale Formoso;4;1768;1769;1770;1771;
Travessa de Monsanto;4;1772;1773;1774;1775;
Travessa de Silva Porto;7;1776;1773;1777;1778;1779;1780;1781;
Travessa do Regado;3;1782;1783;1784;
Rua Nova do Regado;5;1785;1784;9794;9795;1758;
Rua Abade Correia da Serra;27;1786;1787;1788;1789;1790;1791;1792;1793;1794;1795;1796;1797;3006;3007;3008;3009;3010;2807;4759;4760;4761;4762;4763;4764;2529;12676;12680;
Rua Sousa Pinto;4;1798;1799;1800;1767;
Rua de Marques de Oliveira;5;1801;1802;1803;1804;400;
Rua Martins Sarmento;1;1805;
Rua Central de Francos;28;1806;1807;1808;1809;1810;621;2269;2270;2932;2933;2934;6995;6996;6997;6998;6999;7000;12834;12835;12836;12837;12838;12839;12840;12841;12842;665;675;
Rua de Augusto Lessa;13;1811;1812;1813;1814;1815;1816;1817;1818;1819;8003;1820;5132;1713;
Rua Doutor Joaquim Pires de Lima;7;1820;1821;1822;1823;1824;1825;1826;
Rua de Álvaro Castelões;6;1719;1827;1811;8442;8443;8444;
Rua de Costa e Almeida;2;1828;1829;
Rua Sarah Afonso;2;1843;1844;
Rua de Sarah Afonso;9;1845;663;1844;9732;9733;5965;9734;9735;5774;
Avenida do Doutor Antunes Guimarães;11;1846;1847;1848;1849;1850;9500;9497;2317;7835;9501;9502;
Rua de Salazares;18;1888;1889;1890;1891;1892;9498;9499;1932;10105;10106;10107;9260;1931;10112;10113;10114;10115;9269;
Rua do Relógio;6;1893;1894;1895;1896;1897;1898;
Rua Vitorino Damásio;5;1899;1708;1707;5132;1712;
Via Norte;119;1900;1901;1902;1903;1904;1905;1906;139;1907;1908;1942;1943;1944;4156;4157;4158;4159;4160;4161;4162;4163;1369;4164;4165;4166;4167;4168;4169;4170;4171;4172;4173;4174;4218;4219;4859;4860;4861;4862;4863;4864;4865;4866;4867;4868;8902;8903;8904;3263;11814;11815;11816;11817;5508;13214;13215;13216;13217;13218;13219;13220;13221;13222;13223;13224;5832;13226;13227;13228;13229;13230;108;13231;4850;11273;13232;13235;13236;4948;13237;13238;13239;1851;13240;13241;5013;13242;13243;13244;13245;13246;13247;12697;13248;13249;13250;13251;13252;13253;13254;13255;13256;13257;13258;14562;10027;14566;1951;14567;14568;14569;4924;14570;1955;14576;14577;14578;5189;14579;
Rua do Lidador;24;1930;1931;1932;2327;2331;9489;9490;9491;9492;9493;9494;9495;4105;9496;9497;9488;10094;12862;12863;12864;12865;12866;12867;12868;
Rotunda Orlando Ribeiro;20;1948;1949;1950;1951;1952;1953;1954;1955;1956;1957;1958;1959;1960;1961;1962;1963;1964;1965;1966;1967;
Via de Cintura Interna;35;1968;1969;1970;1971;1972;1973;1974;1975;1976;1977;1978;1979;1980;1981;5069;5070;5071;5072;5073;5074;5075;5076;5077;5078;5079;11579;11580;11581;11582;11583;11831;11832;11584;14545;338;
Rua do Doutor Manuel Laranjeira;17;1986;1987;1819;2003;2004;2005;2006;2007;2008;2009;2010;1991;2011;8003;8004;8005;8006;
Largo da Igreja de Paranhos;6;1988;1989;1990;1830;11619;1831;
Rua Doutor Manuel Pereira da Silva;13;1991;1992;1993;1994;1995;1996;1997;1998;1999;2000;2001;2002;1989;
Rua Particular de Monsanto;3;2020;2021;1781;
Rua do Guadiana;4;2032;2033;2034;2035;
Rua Professor Mendes Correia;8;2036;1706;12922;12923;12924;1820;1897;12925;
Rua Alfredo Allen;20;2037;2038;2039;2040;2041;2042;2043;2044;2045;2046;2047;2048;2049;1230;2076;2077;12854;12855;12856;12857;
Rua Júlio Amaral de Carvalho;16;2050;2051;2052;2053;2054;2055;2056;2057;2058;2059;2060;2061;2062;2063;2064;2065;
Rua do Doutor Roberto Frias;11;2066;2067;2068;2069;2070;2065;2071;2072;2073;2074;2075;
Rua Júlio Ramos;3;2078;2079;1720;
Largo do Campo Lindo;14;1737;1728;2080;2081;2082;2083;2084;2085;2086;2087;2088;1723;1742;2104;
Rua Doutor Pedro Dias;3;2089;2090;2091;
Rua de São Veríssimo;11;2105;2106;2107;2108;2109;2110;2111;2112;2113;2114;1811;
Travessa do Covelo;1;2124;
Rua Monte de São João;6;2125;2126;2127;2128;2129;2130;
Travessa Monte de São João;2;2131;2130;
Rua de São Tomé;17;2133;2134;2135;2136;2137;2138;2139;2140;2141;2142;2143;2144;2145;2146;2147;2148;2149;
Estrada da Circunvalação;10;2150;2151;3492;3493;2133;3494;3495;3496;10128;10129;
Rua do Bairro da Areosa;7;2152;2153;2154;2155;2156;2157;2158;
Rua do Mondego;11;2159;2160;2161;2162;2004;2163;2164;2165;2166;2167;2168;
Alameda Professor Hernâni Monteiro;12;2169;8357;8358;8359;9932;9933;6516;11045;11046;11047;11048;11103;
Rua Padre Costa;42;2170;2171;2172;2173;2174;2175;2200;2384;2824;2540;1187;2825;2826;2827;2828;2829;2366;2830;2831;2832;2833;2834;2835;2836;2837;2838;2839;2840;2841;2842;2843;2726;2844;2845;2846;2847;2848;2849;2733;2850;2851;2852;
Avenida Marechal Gomes da Costa;8;2176;2177;2178;2175;2172;2372;2373;2173;
Largo;8;2179;2180;2181;2182;2605;2925;2926;2606;
Rua da Capela do Telheiro;7;2183;2184;2185;2186;404;3237;2182;
Rua de Santo António do Telheiro;12;2187;2188;2189;2190;2191;2192;2193;2194;2195;2196;2765;2179;
Rua da Estação;21;2197;2198;2199;2405;2406;6683;2417;2187;6684;6685;3231;6686;2423;2431;6687;6688;6689;4179;6690;6691;6692;
Rua José Coutinho;8;2200;2176;2394;2395;2396;2397;2398;2174;
Rua Professor Joaquim Bastos;2;2204;2205;
Rua do Encontro;18;2206;2207;2208;2209;2210;2211;2212;2213;2214;2215;2216;2217;2218;2219;2220;2221;2222;2223;
Travessa do Campo Lindo;2;12926;2221;
Travessa da Via Sacra;8;2224;2225;2226;2227;2228;2229;2230;1737;
Rua de Carvalho Araújo;5;2231;2232;2233;2234;1735;
Rua da Via Sacra;9;2235;2236;2237;2224;2238;1720;13569;13570;13571;
Rua da Arroteia;28;2239;2240;2241;2242;2713;2719;2720;2721;2722;3178;3168;12875;12876;12877;13127;13128;13129;13130;13131;2852;2851;13132;13133;12413;2723;13134;13135;13136;
Avenida Fontes Pereira de Melo;24;2256;2257;2258;2259;295;5173;5174;5175;2247;5176;5177;640;7543;7544;7545;7546;7547;7548;7549;294;7565;5499;10149;2255;
Rua José da Silva Passos;6;2260;2261;2262;2263;2264;2265;
Rua António Correia da Silva;21;2266;2267;2268;7019;7020;7021;7022;7023;7024;7025;7026;7027;7028;7029;7030;7031;7032;7033;7034;7035;7036;
Rua de Ramalde do Meio;15;2271;2272;2273;2274;9757;9758;9759;9760;9761;9762;9736;9776;9777;9778;2260;
Rua Direita do Viso;22;2275;2276;2277;2278;2279;2280;2281;2282;2283;2284;2285;2286;2287;2288;2289;7528;7529;7530;7531;7532;5633;2260;
Rua Manuel Pinto de Azevedo;27;2290;2291;2292;2293;2294;2248;2295;2296;2297;7533;335;320;334;7534;7535;7536;7537;2299;2300;7538;7539;7540;7541;7542;12828;3961;12829;
Rua Engenheiro Ferreira Dias;36;2301;2302;5471;5472;5473;5474;5475;5476;5477;5478;5479;5480;5481;5482;5483;5484;5485;5486;5487;5488;5489;5490;5491;5492;5493;5494;5495;5496;5497;5498;5499;10038;8085;10039;10040;8102;
Rua da Igreja de Ramalde;12;2303;2304;2305;2306;2307;2308;2309;2310;2311;2312;2313;2314;
Rua do Doutor Aarão de Lacerda;2;2315;2316;
Rua do Doutor Joaquim Costa;1;2317;
Rua do Revilão;10;2318;2319;2320;2321;2322;2323;2324;2325;2326;2327;
Rua da Preciosa;15;2332;2333;2334;1888;3891;9512;9513;9514;9515;9516;9517;9518;9519;9520;1846;
Largo 3 de Fevereiro;10;2335;2336;2337;2338;2339;2340;2341;2342;2343;2344;
Travessa da Asprela;8;2345;2346;2347;2348;2349;2350;2351;2352;
Rua Doutor Barros;28;2353;2354;2355;2356;2357;2358;2359;2360;2361;2362;2363;2364;2365;2366;2367;2368;2369;2370;2371;2545;2546;2547;2548;2549;2550;2551;1183;2687;
Rua do Centro;9;2374;2375;2376;2377;2378;2379;2380;2381;2373;
Rua Almirante Reis;2;2382;2383;
Rua do Flor de Infesta;8;2384;2385;2386;2387;2388;2389;2390;2391;
Rua de Nossa Senhora de Lurdes;5;2399;2400;11215;2401;2197;
Rua da Cidadania;2;2401;2402;
Travessa Marechal Gomes da Costa;2;2403;2404;
Rua da Cidreira;10;2407;2408;2409;2410;2411;2412;2413;2414;2415;2416;
Rua da Conceição;7;2417;2418;2408;2419;2420;2421;2422;
Rua Avelino Carneiro;6;2423;2424;2425;2426;2427;2428;
Travessa da Estação;2;2429;2430;
Rua do Canto;7;2431;2432;2433;2434;2880;2881;2882;
Rua Doutor Sá e Melo;5;2435;1173;2436;2437;2422;
Rua de Santos Dias;18;2438;2439;2440;1124;2601;2602;2603;2604;2435;2608;2609;2610;2611;1275;4402;4403;4404;4405;
Avenida da Pedra Verde;5;2441;2442;2443;2444;2445;
Rua da Ermida;5;2446;2447;2448;2449;2450;
Rua Doutora Maria Manuela Sá;10;2451;2452;2455;4447;4446;8935;4621;8936;8937;1414;
Rua Jorge Peixinho;3;2452;2453;2454;
Rua Fernando Lopes Graça;4;2455;2456;2454;2457;
Rua Alberto Saavedra;4;2458;2457;2459;1408;
Travessa de Sá e Melo;5;2460;2461;2462;2463;2464;
Rua da Vilar;13;2465;2466;2467;2468;2469;2470;2471;2472;2473;9623;9624;9625;2914;
Rua Doutor Plácido da Costa;16;2474;2475;2476;2477;2478;2479;2480;2481;2482;2483;2484;1223;10469;11049;10471;11050;
Rua de São Pedro e São Paulo;2;2485;2486;
Travessa Central do Seixo;23;2492;2493;2485;6050;10587;10588;10589;9612;10590;10591;10592;9619;10593;10573;10594;9609;9617;10595;10596;10597;10598;10599;10600;
Rua de Elaine Sanceau;18;2494;2495;2496;1494;4208;4209;4210;4211;4212;4213;4214;4215;4216;4217;2486;1493;5357;5358;
Avenida Xanana Gusmão;30;2497;2498;2499;2500;2501;2502;2503;2504;2505;2506;2507;2508;2509;2510;2511;2512;5356;5359;5360;5361;5362;1511;2518;4705;5363;5364;5365;5366;5367;1493;
Rua Amorim Girão;8;2513;2514;2515;2516;2517;4745;4746;4747;
Rua Companhia dos Caolinos;13;2518;2519;2517;2520;2521;2522;2523;2524;2525;2526;2527;2528;2529;
Rua de José Coutinho;11;2530;2531;2532;2533;2534;2535;2536;2537;2538;2539;2200;
Rua da Ventiela;6;2540;2541;2542;2543;2544;2532;
Rua de Moalde de Baixo;36;2552;2553;2554;2555;2556;2557;2558;2559;2560;2561;2562;2563;2564;2565;2566;2567;2568;2569;3133;3134;3135;3136;3137;3138;2732;3139;3140;3141;2551;3172;3173;3174;3175;3176;3177;2855;
Rua Heitor de Campos Monteiro;10;2574;2575;2576;2577;2578;2579;2580;2581;2582;2583;
Travessa de Moalde;7;2584;2585;3571;2586;3572;3564;3573;
Rua Padre Alberto Rebelo;4;2586;2587;2588;2589;
Praceta Henrique Bravo;12;2590;2591;2592;2600;3204;3205;3206;1151;3586;3587;3588;3589;
Travessa do Outeiro;8;2593;2594;2595;2596;2597;2598;2599;2600;
Rua da Corujeira;2;2605;2606;
Rua Padre Manuel Castro;1;2607;
Rua Futebol Clube de Infesta;8;2612;3592;3593;3594;3202;1273;4406;4407;
Travessa do Flor de Infesta;2;2613;2614;
Rua da Igreja Velha;26;2645;2646;2647;2648;2649;2650;2651;2652;2653;2654;2655;2656;2657;2658;2659;2660;2661;2662;2663;2664;2665;7378;7379;7380;7381;7382;
Rua José Gaspar Lino;4;2684;2685;2686;1150;
Rua dos Bombeiros Voluntários de São Mamede de Infesta;5;2688;2689;2690;2691;2692;
Travessa Doutor Barros;14;2693;2694;2695;1206;2352;3011;3012;3013;2701;2948;3014;3015;9559;2353;
Rua do Mestre Guilherme Camarinha;16;2696;2697;2698;2699;2700;2701;2702;2703;2704;3286;6403;3016;11051;11052;11053;11054;
Caminho da Asprela;2;2705;2352;
Rua Particular da Arroteia;8;2706;2707;2708;2709;2710;2711;2712;2242;
Rua Bouça da Cavadinha;7;2713;2714;2715;2716;2717;2718;2352;
Travessa Maria Feliciana;3;2723;2724;2725;
Rua Jaime Lopes Amorim;7;2726;2727;2728;2729;2730;2731;2732;
Rua das Cavadas;25;2733;2734;2735;2736;2737;2738;2739;2740;2741;3140;5326;5327;5328;5329;5330;5331;5332;5333;5334;5335;5336;5337;5338;5339;5340;
Rua Padre Luís António Farinhote;12;2742;2743;2744;2745;2746;2747;2748;2749;2750;2751;2752;2195;
Rua do Telheiro;10;2753;2754;2755;2756;2757;2758;2759;2760;2761;2183;
Travessa de Santo António;4;2762;2763;2764;2765;
Rua Doutor Campos Monteiro;5;2766;2767;2768;2769;2770;
Rua das Flores;11;2771;2772;2773;2774;2775;2776;2777;2778;2779;2780;401;
Rua da Fonte;30;2781;2782;2783;2784;2785;2786;2787;2788;2789;2790;2791;2792;2185;2798;2799;2800;2801;2802;2803;2804;2805;2806;2186;6199;6269;6258;6264;6270;6271;6240;
Rua do Carriçal;27;2793;2794;2795;2796;2797;3423;3424;3425;3426;2137;3633;3634;3635;3636;3637;3638;3631;3639;3640;3641;3642;9562;9563;9564;9565;9566;9567;
Rua Gomes Teixeira;17;2807;2808;2809;2810;2811;2812;2813;2814;2815;2816;2817;2818;2819;2820;2821;2822;2823;
Largo da Cruz;4;2382;2853;1122;1123;
Largo de Moalde;1;2855;
Rua do Doutor Vilar Machado;4;2856;2857;2858;2859;
Travessa Avelino Carneiro;9;2860;2861;2862;2863;2864;2865;2409;3266;3267;
Rua Luisa Todi;3;2866;2867;2428;
Rua Marcos Portugal;5;2868;2869;2870;2871;2428;
Largo Avelino Carneiro;3;2872;2873;2874;
Travessa do Canto;5;2875;2876;2877;2878;2879;
Travessa da Avenida do Conde;4;2883;2884;2885;2411;
Rua de Aquilino Ribeiro;14;2886;2887;2888;2889;2890;2891;2892;2893;2894;2895;2896;2897;2898;2899;
Travessa de Aquilino Ribeiro;8;2900;2901;2902;2903;2904;2905;2906;2889;
Rua do Comandante Quelhas Lima;15;2907;2899;2908;2909;2473;2910;2911;2912;2913;2914;2915;2465;2916;2917;2918;
Largo da Ermida;6;2919;2920;2921;2922;2422;2923;
Rua do Pombinho;2;2450;2924;
Viela Santos Dias;3;2927;2928;2929;
Travessa Santos Dias;4;2930;2927;2931;2606;
Travessa de Oliveira Gaio;3;2945;2946;2947;
Rua Joaquim Teixeira Leite;6;2948;2949;2950;2951;2952;2953;
Rua dos Capuchinhos;2;2954;2955;
Rua Nova do Tronco;19;2956;2957;2958;2955;2959;2960;2961;2962;2963;2964;2965;2966;2967;2968;2969;2970;2971;2972;1592;
Largo Palmira Malheiro;6;2973;2974;2975;2976;2977;1591;
Rua das Begónias;1;2986;
Praça das Violetas;6;2987;2988;2989;2990;2991;2986;
Rua das Magnólias;8;2992;2993;2994;2995;2996;2997;1603;2998;
Rua Serafim da Silva Lopes;4;3019;3020;3021;3022;
Rua Amândio Galhano;1;3023;
Rua Gonçalo Mendes da Maia;44;3028;3029;3030;3031;3032;3033;3034;3035;3036;3037;3038;3039;3040;3041;3042;3043;3044;3045;3046;3047;3048;3049;3050;3051;3052;3053;3054;3055;3056;5341;5342;5343;5344;5345;5346;3273;3024;10513;8430;13124;5113;13125;13126;2852;
Rua Dom Frei Vicente da Soledade e Castro;9;3057;3058;3059;3060;3061;3062;3063;3064;3065;
Rua do Doutor Manuel Pereira da Silva;22;3066;3067;3068;3069;3070;3071;3072;3073;3074;8257;13695;13696;13697;13698;13699;13700;13701;13702;13703;13704;13705;13706;
Rua do Actor Eduardo Brazão;3;3086;3087;3088;
Rua do Corgo;4;3089;3090;2009;3087;
Rua Conde de Avranches;9;3099;3100;3101;2149;9719;3453;9720;9912;12219;
Rua Coronel Almeida Valente;18;3102;3103;3104;3105;3106;3107;3099;9376;9377;9378;9379;9380;9381;9382;9383;9384;9385;1576;
Travessa da Bouça da Cavadinha;7;3108;3109;3110;3111;3112;3113;2714;
Rua da Cooperação;7;3114;3115;3116;3117;3118;3119;3120;
Rua de Rodrigues de Freitas;9;3124;3125;3126;3127;3128;3129;3130;3131;3132;
Rua Maria Feliciana;8;3144;3145;2725;3171;13137;3155;13138;13139;
Rua Aurélia de Sousa;23;3146;3147;3148;3149;3150;3151;3152;3153;3154;3155;3156;3157;3158;3159;3160;3161;3162;3163;3164;3165;3166;3167;3168;
Rua António da Costa Pereira;2;3169;3170;
Travessa da Arroteia;12;3178;3179;3180;3181;3182;3183;3184;3185;3186;3187;3188;3189;
Travessa da Levadinha;7;3190;3191;3192;3193;3194;3195;3196;
Travessa Futebol Clube de Infesta;3;3202;3203;1272;
Rua Doutor Abel Salazar;18;3207;1165;3208;3209;3210;3211;3212;3213;3214;3215;3216;3217;3218;3219;3220;3221;3222;3223;
Rua Alferes Lino Leite;8;3224;3225;3226;3227;3228;3229;3230;2448;
Rua Sousa Carvalho;3;3231;3232;3233;
Travessa Agostinho Boavida;1;3234;
Rua da Patial;6;3270;3271;3272;3273;3274;3050;
Rua Doutor Carlos Ramos;4;3277;3278;3279;3099;
Rua Sá de Miranda;8;3280;3281;3282;3283;3284;13543;9333;13544;
Rua Santos Dias;3;3327;3328;3329;
Rua de Teibas;33;3330;3331;3301;3302;3332;10197;10198;10199;10200;10201;10202;10203;5233;10204;10205;10206;10207;10208;10209;10210;10211;10212;10213;10214;10215;10216;10217;10218;10219;10220;10221;10222;10223;
Rua Nova de Teibas;12;3332;3333;3334;3335;3336;3337;3338;3339;3340;10195;5225;10196;
Rua da Liberdade;16;3341;3342;3343;3344;3345;3346;3347;3348;3349;3350;3351;3352;3353;3354;3355;3356;
Rua 25 de Abril;43;3357;3358;3359;3360;3361;3362;3363;3364;3365;3366;3367;3368;3369;3370;3371;3372;3373;3374;10223;12506;12412;12507;12508;12509;12510;12511;12512;12513;12514;12515;12516;12517;11543;12518;12519;12520;12521;12522;12523;12524;12525;12526;5101;
Rua Académico Futebol Club;18;3393;3389;3394;3395;3396;3397;3398;3399;3400;3401;3402;3403;3404;3405;3406;3407;3408;2139;
Rua da Azenha;9;3410;3411;3412;3413;3414;3415;3416;3417;3418;
Rua da Ribeira Grande;3;3419;3420;3413;
Rua Armando Cardoso;2;3421;3422;
Rua de Mário Bonito;5;3427;1608;3428;3429;3430;
Rua Avelar Brotero;22;3431;3432;3433;3434;3435;3436;3437;3438;3439;3440;3441;3442;3443;3444;3445;4731;4740;4741;4742;4743;4744;4711;
Rua Agra do Amial;10;3446;3447;3448;3449;3450;3451;3452;3453;12662;12663;
Rua do Arquitecto Lobão Vital;11;3454;3455;3456;3457;3458;3459;3460;3461;3462;3463;3464;
Rua Poente da Colónia Doutor Manuel Laranjeira;11;3465;3466;3467;3468;3469;1816;13039;13040;13041;13042;13043;
Rua Nascente da Colónia Doutor Manuel Laranjeira;7;3470;3471;3472;1818;3473;3474;3475;
Rua do Tejo;5;3480;3481;3482;3483;3484;
Rua do Tâmega;3;3485;3484;2033;
Rua do Côa;1;3486;
Rua do Águeda;4;3487;3486;3488;2010;
Rua do Sado;2;3489;2006;
Rua do Paço;14;3497;3498;3499;3500;3501;3502;3503;3504;3505;3506;3507;3508;3509;3510;
Rua da Ponte de Parada;4;3511;3512;5569;3513;
Rua Terramonte;3;3513;3514;3515;
Rua do Campo Longo;7;3523;3524;3525;3526;3527;3528;3529;
Rua 5 de Outubro;47;3537;3538;3539;3540;3541;3542;3543;3544;3545;4175;4176;2880;4177;3563;2879;4178;4179;4180;4181;4182;4183;4184;4185;4186;4187;4188;4189;4190;4191;4192;4193;4194;4195;4196;4197;4198;4199;4200;4201;4202;4203;4204;4205;4206;4207;4208;6695;
Travessa 5 de Outubro;11;3546;3547;3548;3549;3550;3551;3552;3553;3554;3555;3556;
Rua Aldeia Nova;3;3557;3558;3540;
Rua Moínhos;5;3559;3560;3561;3562;3563;
Rua Agostinho Boavida;8;3564;3234;3565;3566;3567;3568;3569;3570;
Rua Padre José Pereira da Fonseca;4;3574;3573;3575;2570;
Rua do Jornal Mamedense;4;3576;3570;3577;3578;
Rua da Escola;13;3579;3580;3581;3582;2629;3585;2615;6293;6369;6335;6370;10799;10800;
Rua do Dourado;3;3579;3583;3584;
Travessa Henrique Bravo;3;3595;2683;2629;
Rua de Arzila;17;3597;3598;3599;3600;3601;3602;3603;3604;3605;3606;3607;3608;3609;3610;3611;3612;3613;
Rua de Alcácer Ceguér;15;3614;3615;3616;3617;3618;3619;3620;3621;3622;3623;3624;3625;3626;3627;3608;
Rua Padre António Porto;8;3643;3644;3645;3646;3647;3648;3649;3633;
Rua João Ulrich;7;3650;3651;3652;3653;3654;3655;3656;
Rua Fernando Emídio da Silva;14;3657;3658;3659;3660;3661;3662;3663;3664;3665;3666;3667;3668;3669;3670;
Rua Sport Clube da Senhora da Hora;7;3657;3675;3676;3677;3678;3679;7071;
Rua Augusto Fuschini;13;3680;3681;3682;3683;3684;3685;3686;3687;3688;3689;3690;3691;3692;
Rua da Senhora da Penha;18;3708;1523;3709;3710;3711;3712;4718;4719;4720;4721;4722;4723;4724;4725;4726;4727;4728;4729;
Rua do Senhor;19;3713;3714;3715;3716;3712;2275;3825;3826;3827;3828;5993;5994;5995;5996;5997;10636;10637;7836;7814;
Rua Jorge Sena;2;3717;3718;
Rua de João Mendonça;41;3719;3720;3721;3722;2116;2115;4312;4313;4314;4315;4316;4317;4318;4319;4320;4321;1185;6929;6930;6931;6932;6933;6942;6943;6944;6945;6946;1186;14103;14104;14105;14108;14109;14110;14111;14112;14124;14170;14171;14172;14022;
Rua Carlos Seixas;4;3724;3725;3726;3727;
Rua Luís Costa;3;3728;3729;3730;
Rua António Carreira;6;3731;3732;3718;3733;3734;3735;
Rua Eduardo Brazão;7;3787;3788;3789;3790;3791;3792;3793;
Rua da Estação Velha;12;3794;3795;3796;3797;3798;3799;3800;3801;3810;4876;4877;4878;
Rotunda dos 4 Caminhos;18;3802;3803;3801;3804;3805;3806;3807;3808;3809;3810;3811;3812;3813;3814;3815;3816;3817;3818;
Rua de Augusto Dinis;5;3819;3820;3821;3822;3798;
Rua dos Quatro Caminhos;6;3829;3830;3787;3825;3831;3807;
Rua Joaquim Pinto;6;3832;3833;3834;3835;3829;7836;
Rua do Jornal de Notícias;20;3844;3845;3846;3847;3848;3849;3850;3851;3852;3853;3854;3855;3856;3857;3858;3859;3860;3861;2344;3862;
Rua da Cidade da Beira;2;3863;3864;
Rua de Veloso Salgado;6;3865;3866;3867;3868;3869;3870;
Rua de Francisco Oliveira Ferreira;3;3871;3872;3873;
Praceta de Augusto Gomes;9;3874;3875;3876;3877;3878;3879;3880;3881;3882;
Rua de José Fontana;12;3883;3884;3885;3886;3887;13369;13388;13389;13390;13391;13392;13368;
Rua do Pinheiro Manso;19;3888;3889;3890;2303;4017;4018;4019;2304;4601;4602;4603;4604;4605;4606;4607;4608;4609;4581;1111;
Rua António da Silva Marinho;6;3891;3892;3893;3894;3895;1911;
Rua dos Plátanos;5;3896;3897;3898;3899;3900;
Rua dos Cedros;5;3901;3902;3903;3904;3905;
Rua dos Choupos;8;3906;3907;3908;3909;3910;3911;3912;3901;
Rua do Furriel Guilherme Dantas;16;3913;3914;3915;3916;3917;3918;3919;2320;2321;4114;4113;4125;4118;4126;4069;3904;
Alameda de Aquilino Ribeiro;16;3930;3931;3932;3933;3934;3935;3936;3937;3938;3939;3940;3941;3942;3943;3944;3945;
Rua Direita das Campinas;8;3946;3947;3948;3949;3950;3951;3952;3953;
Travessa de Cima de Pereiró;2;3954;3955;
Rua Lopo Soares de Albergaria;4;3956;3957;3958;3959;
Rua de Gaspar Coelho;4;3960;4255;4256;14654;
Rua do Doutor Alberto de Macedo;8;4010;4127;4128;4129;4130;4131;4132;4133;
Rua de Delfim Ferreira;24;3961;3962;3963;4257;2296;12602;12603;12604;12605;12606;12607;12608;12609;12610;12611;12612;3966;3929;12830;12831;12832;12833;4022;3920;
Rua do Engenheiro Ezequiel de Campos;15;3964;3965;3966;3967;3968;3954;3969;3970;3971;3972;3973;3974;3975;3976;3977;
Rua do Doutor Pedro de Sousa;9;3978;3979;3980;3981;11264;3955;11265;11266;1846;
Rua de Dom Estêvão da Gama;12;3982;3983;3984;3985;3986;3987;3988;3989;3990;3991;3992;3981;
Rua de Pereiró;18;3993;3956;3994;3995;3996;3997;3998;3999;4000;4001;4002;4003;4004;4005;4006;4007;4008;3992;
Avenida de Vasco da Gama;18;4009;3959;4010;4011;3982;4012;4013;4014;4015;3946;4016;6729;4017;6730;2303;6731;6732;6733;
Rua do Doutor Aires de Gouveia Osório;6;4020;3978;3930;3971;4021;4022;
Rua de Damão;26;4023;4024;4025;4026;5815;5816;5817;5818;5819;5820;5821;5822;1505;6029;6030;6031;6032;6033;6034;6040;6041;6878;6879;4083;4085;6880;
Rua da Guiné;11;4027;4028;4029;4030;4031;4032;4033;4034;4035;4036;4037;
Rua de Macau;2;4038;4039;
Rua da Fonte da Moura;14;4040;2318;4105;4106;4107;4108;4091;4045;4109;4110;4027;4111;4057;12419;
Rua de Angola;29;4041;4042;4043;4044;4045;3853;4070;4071;4072;4073;4074;4075;4076;4077;4078;4079;4080;4081;4082;4083;4084;4085;4086;4087;4037;4088;4089;4090;4091;
Rua de Moçambique;25;4046;4047;4048;4049;4050;4051;4052;4053;4054;4055;4056;3858;3864;4057;4058;4059;4023;4060;4061;4038;4062;4063;4064;4065;4066;
Rua das Pereiras;3;4067;4068;3902;
Rua das Nogueiras;2;4069;4068;
Rua da Cidade de Luanda;14;4092;4093;4094;4095;4096;4097;4098;4099;4100;4101;4102;4103;4104;4090;
Praça dos Álamos;6;4112;4113;3918;4120;4125;3917;
Rua da Videira;4;4114;3919;4115;4116;
Rua das Tílias;4;4117;14660;14661;3914;
Rua dos Azinheiros;2;3916;4118;
Rua das Amendoeiras;5;4119;4112;4120;4121;4122;
Rua das Acácias;2;4123;4119;
Rua das Figueiras;2;4124;4121;
Rua das Macieiras;4;4067;4122;4126;3915;
Rua de Joaquim Leitão;6;4134;4135;4136;4137;4133;4138;
Rua de Mem de Sá;4;4141;4142;4143;4135;
Travessa da Ferreira;5;4144;4145;4146;4147;4148;
Rua de Requesende;22;4220;4221;9780;13764;13763;13765;11628;11627;13303;13766;13767;12440;13768;13769;7506;13770;5705;13771;13772;13773;13774;6439;
Rua Teixeira Lopes;35;4222;4223;4224;4225;4226;4227;4228;4229;4230;4231;4232;4233;4234;4235;4236;4237;4238;4239;4240;4241;11884;11885;11886;11887;11888;7232;11889;11890;11891;10914;11892;11893;11894;11895;11883;
Rua de Dionísio dos Santos Silva;34;4242;4243;4244;4245;4246;4247;4248;4249;4250;4251;4252;4253;4254;11950;12130;12131;12132;12191;12192;12193;12194;12195;12196;12197;12198;12199;12200;12201;12202;12203;12204;12205;12206;12207;
Rua Doutor Eduardo Torres;67;4258;4259;4260;4261;4262;4263;4264;4265;4266;4267;4268;4269;4270;4271;4272;4273;4274;4275;4276;4277;4278;4279;4280;4281;4282;5445;5446;5447;5448;6886;6887;6888;6889;6890;6891;6892;6893;6894;6895;6896;6938;6939;6940;6941;6970;6971;6972;6973;6974;6975;6976;12927;12931;12932;5304;12933;12934;9134;13862;13863;13864;13865;13866;8589;5433;13867;13868;
Avenida do Doutor Edison Magalhães;32;4283;4284;4285;4286;4287;4288;4289;6881;6882;6883;6884;6885;9143;6935;9144;9145;9146;4271;9147;9148;4270;9149;9150;9151;9152;9153;9154;9155;9156;6924;9157;9158;
Rua Nova do Estádio;3;4290;4291;4292;
Rua da Estrada Velha;52;4353;4354;4355;4356;4357;4358;4359;4360;4361;4362;3207;4363;4365;4366;4367;4368;4369;4370;4371;4372;4373;4374;4375;4376;4377;4378;4379;4380;4381;4382;4420;4421;4422;4423;4424;4425;4426;4427;2464;4454;2923;2437;4428;10044;4440;10045;4364;10046;10047;10048;10049;10050;
Alameda Futebol Clube de Infesta;1;4406;
Travessa Doutora Maria Manuela Sá;3;4447;4448;4449;
Rua Académica de São Mamede;4;4450;4451;4452;4453;
Rua do Estádio;8;4461;4462;4463;4464;4465;4290;4466;4467;
Rua de Sendim;9;4468;4469;6788;10028;4774;10029;733;10030;614;
Rua Henrique de Sousa Reis;14;4496;4497;4498;4499;4500;4501;3065;4502;4503;4504;4505;4506;4507;4508;
Largo de Março;1;4509;
Rua da Fontinha;2;2798;4509;
Rua do Tronco;15;4510;4522;4523;4524;4512;4525;4526;4527;4528;4529;4530;4531;4532;4533;2784;
Travessa da Fonte;9;4534;4535;4536;4537;4538;4539;2791;6264;6254;
Rua Particular da Tapada de Santo António;2;4540;4541;
Rua Professor Antão de Almeida Garret;6;4563;4564;4565;4566;4567;4568;
Rua António Costa Reis;27;4643;4644;4645;4646;4647;4648;4649;4670;4694;4695;4696;9034;9026;10668;10669;10670;10671;10672;10673;10674;10675;10676;10689;9654;9677;10690;1488;
Rua António Ramalho;21;4650;4651;4652;4653;4654;4655;4656;4657;4658;4659;4660;4661;4662;4663;4664;4665;4666;4667;4668;4669;1483;
Rua Henrique Medina;20;4670;4671;4672;4673;4674;4675;4676;4677;4678;392;7519;7520;7521;7522;4657;9643;10708;10709;10710;10711;
Rua Artur Napoleão;9;4679;4680;4681;4682;4683;4684;4685;4686;4687;
Rua Nova dos Fogueteiros;15;4688;4689;4690;4691;10712;10713;10714;10715;10716;4730;10717;10718;10719;10720;4706;
Travessa dos Fogueteiros;2;4692;4693;
Rua Filipe Magalhães;1;4700;
Rua dos Fogueteiros;21;4705;4706;2503;6280;6281;6282;6283;6284;6285;6286;6287;10721;10722;10723;10724;10725;10726;10727;4693;10728;4679;
Rua Horácio Marçal;14;4707;4708;4709;4710;4711;4700;2526;2823;4712;4713;4714;4715;2807;1518;
Rua António Patrício;3;4730;4731;2521;
Rua Cruz Malpique;9;4732;4733;4734;4735;4736;4737;4738;4739;2517;
Rua Sérgio Manuel da Silva Leite;6;4748;4749;4750;4751;4752;4753;
Avenida Joaquim Neves dos Santos;4;4772;165;4773;178;
Porto - Amarante;5;4804;4805;4806;4807;1311;
Rua Manuel Gonçalves Lage;52;4808;3201;4809;4810;4811;4812;4813;4814;4815;4816;4817;4818;4819;4820;4821;3197;4822;4823;4824;4825;4826;4827;4828;4829;4830;4831;4832;4833;4834;3511;8362;8363;8364;8365;6404;8366;8367;10166;10167;10168;10169;10170;10171;10172;10173;4441;10174;10175;10176;6407;10177;10178;
Rua João Villaret;2;4855;4856;
Avenida da Cidade de Xangai;14;4881;4882;4883;4884;4885;5705;9310;9311;5779;5778;9312;9313;4562;4879;
Rua de Sarmento de Beires;5;5027;5028;5029;5030;5031;
Rua Dom António Castro Meireles;83;5067;5068;3309;5080;5081;5082;5083;5084;5085;5086;5087;5088;5089;5090;5091;5092;5093;5094;5095;5096;5097;5098;5099;5100;5101;3356;5102;5103;5104;5105;5106;5107;10179;10180;10181;10166;10182;10183;10184;10185;10186;10187;8367;8366;10188;10189;10190;10191;10192;10193;10194;5065;12250;12251;12470;12471;12472;12473;12474;12475;12476;12477;10224;12478;12295;12479;12480;12481;12482;12483;12484;12485;12486;3510;12487;12488;12489;12490;12491;12492;12493;13141;12253;
Rua Padre António Carneiro de Azevedo;12;5113;5114;5115;5116;5117;5118;5119;5120;5121;5122;5123;5124;
Rua António Salgado Júnior;9;5133;5134;5135;5136;5137;5138;5139;5140;1996;
Praça do Cávado;8;5141;5142;5143;5144;5145;2035;5146;5147;
Rua do Vouga;3;5148;2007;3086;
Rua do Ave;1;5149;
Rua Stephen R. Stoer;9;5150;5151;5152;5153;5154;5155;5156;5157;2001;
Rua Manuel Pacheco de Miranda;15;5159;5133;5160;5161;5162;5163;5164;5165;5150;5166;5167;5168;5169;5170;2000;
Rua Teodoro de Sousa Maldonado;11;5178;1687;5179;5180;5181;5182;5183;5184;5185;4885;2935;
Travessa Nova de Teibas;3;5204;5205;5206;
Rua Germano Campos Monteiro;10;5207;5208;5209;5210;5211;5212;5213;5214;5215;5216;
Travessa de Teibas;9;5225;5226;5227;5228;5229;5230;5231;5232;5233;
Rua das Covas;26;5258;5259;5260;5261;5262;5263;5264;5265;5266;5267;5268;5269;5270;5271;5272;5273;5274;5275;3141;5305;5306;5307;5308;5309;5310;5311;
Travessa de Moalde de Baixo;5;5321;5322;5323;5324;5325;
Rua de Cutamas;2;5347;5348;
Rua de São Gens;58;5349;5350;5351;5352;5353;5354;5355;5356;7698;7699;7700;4729;7701;7702;7703;7704;7705;7706;7707;7708;7709;7710;7711;7712;7713;7714;1499;6214;9699;9700;9701;9702;9703;9704;9705;9706;9707;9708;6287;9709;9710;9711;6343;9712;9713;9714;9715;7437;10744;10745;10746;2512;13610;13611;7847;13612;9842;13613;
Rua Santa Joana;12;5368;5369;5370;5371;5372;5373;5374;5375;5376;5377;5378;868;
Travessa Fonte do Cuco;12;5379;5380;5381;5382;5383;5384;5385;857;5403;5404;856;858;
Rua Santa Teresa;8;5386;5387;5388;5389;5368;5390;5391;867;
Travessa do Sobreiro;5;5392;5393;5394;5395;869;
Travessa de Passos Manuel;15;5410;5411;5412;5413;5414;5415;5416;5417;5418;5419;5398;5420;5421;5422;1034;
Viela Doutor Eduardo Torres;12;5433;5434;5435;5436;5437;5438;5439;5440;5441;5442;5443;5444;
Rua Conde de Castro;6;5469;5470;5488;9324;9325;5467;
Rua Amândio Tavares;5;5517;5518;5530;5535;5536;
Rua Padre Rebelo de Sousa;5;5519;5520;5521;389;5529;
Rua de Santa Luzia;35;5522;5523;5524;5525;5526;5527;5528;5529;388;5597;5598;5599;5600;5601;5602;5603;5604;5605;5606;5607;5608;5609;5862;5863;5864;5865;5866;5867;5868;5869;9391;9392;9393;387;9397;
Rua de Armando Laroze Rocha;2;5530;5531;
Rua de Ângelo Frondoni;2;5532;5533;
Rua Alberto Carlos Correia da Silva;1;5534;
Rua Professor Agostinho da Silva;8;5537;5538;5539;5531;5540;5541;5542;5522;
Rua das Artes;8;5543;5544;5545;10816;13335;13336;13337;13338;
Rua de Moalde;15;5546;5547;2374;5548;5549;5550;2583;5551;5552;5553;5554;2574;2383;2584;1194;
Rua do Professor Agostinho da Silva;16;5555;5556;5557;5558;5543;5559;5560;5561;4893;5562;5536;5563;5564;5565;5566;5518;
Rua Dom António Ferreira Gomes;16;5594;5595;5596;13312;13313;13314;10697;13315;6444;13316;13317;13318;13319;13320;13321;13322;
Travessa da Senhora do Porto;28;5610;5611;5612;5613;5614;5615;5616;5617;5618;5619;5620;5621;5622;5623;5624;5625;5626;5627;5628;5629;5630;5631;5632;5764;5765;5766;10698;10696;
Rua José Fontes Rocha;22;5633;5634;5635;5636;5637;5638;5639;5640;5641;5642;5643;5644;5645;5646;5647;5648;5649;5650;5651;5652;5653;5654;
Rua João Sá Peixoto;26;5655;5656;5657;5658;5659;5660;5661;5662;5663;5664;5665;5666;5667;5668;5669;5670;5671;5672;5673;5674;5675;5676;5677;5678;5679;5680;
Rua Marta Sampaio;1;5683;
Rua Doutor Paulo Pombo;1;5686;
Rua do Doutor Cruz Malpique;1;5687;
Rua do Doutor Santana Dionísio;1;5688;
Largo Padre Inácio Gomes;3;5691;6439;5609;
Avenida das Congostas;17;5692;5693;5694;5695;5655;5696;5697;5594;5698;5620;5699;5700;5701;5702;5703;5704;5705;
Rua Ferrer Loureiro;22;5720;5721;5722;5723;7044;7045;7046;7047;7048;7049;7050;7051;7052;7053;7054;7055;7056;7057;7058;7059;7060;7061;
Rua da Cidade de Bristol;6;5731;5732;5733;5734;5596;5735;
Travessa Senhora do Porto;4;5739;5740;5741;5601;
Rua de São Vicente;4;5758;5759;5760;5761;
Rua António da Silva Cunha;7;5767;5768;5769;5770;5771;5772;5773;
Rua Padre Diamantino Gomes;16;5774;4568;5720;5775;5776;5777;5778;5779;5780;5781;5782;5783;5767;5784;5785;2269;
Praça da Índia;4;5823;5824;5825;5826;
Rua de Ormuz;16;5827;5828;5829;5830;5831;5815;6089;6090;6091;6092;6093;6094;6095;6096;6097;6098;
Rua Doutor Manuel Monterroso;12;5850;5851;5852;5853;5854;5855;5856;5857;5858;5859;5860;5861;
Rua do Professor Sousa Júnior;7;5870;5871;5872;5873;5874;5875;5876;
Rua Rogério de Azevedo;3;5877;5878;5879;
Rua Carlos Carneiro;4;5885;5886;5884;5887;
Rua dos Ciclames;2;5888;5889;
Praceta das Mimosas;5;9387;9388;9389;9390;2992;
Rua de Teixeira de Vasconcellos;7;5897;5898;5899;5900;5901;5902;3870;
Rua de Fernando Lopes Graça;3;5903;5904;5905;
Rua de Vila Nova;20;5906;5907;3857;5912;5913;5914;5915;5916;5917;5918;5919;5920;5921;5922;5950;11615;11616;11617;11618;5954;
Rua de Soeiro Pereira Gomes;4;5908;5909;5910;5911;
Rua Alcaide de Faria;19;5923;5924;5925;5926;5927;5928;5929;5930;5931;5932;5933;5934;5935;5936;5937;5913;13592;13593;13594;
Rua de Pelágio;13;5938;5939;5940;5941;5942;5943;5944;5945;5946;5947;5948;5949;5920;
Rotunda Acácio Silva Gomes;7;5950;5951;5952;5953;5954;5955;5956;
Rua Rafael Bordalo Pinheiro;7;5957;5958;5959;5960;5961;5962;5917;
Rua do Doutor André das Neves;20;5966;5967;7001;7002;7003;7004;7005;7006;7007;7008;7009;7010;7011;7012;7013;7014;7015;7016;7017;7018;
Rua de Martim de Freitas;3;5990;5991;5992;
Rua Dom Frei Afonso Peres Farinha;6;5998;5999;6000;6001;6002;6003;
Rua Dom Frei Martim Fagundes;15;6004;6005;6006;6007;6008;6009;6010;6011;6012;6020;6021;6131;10527;10528;6120;
Travessa de Elaine Sanceau;7;6013;6014;6015;6016;6017;6018;6019;
Rua de Dom Frei João Coelho;6;6003;6022;6023;6024;6025;6026;
Travessa de Dom Frei João Coelho;2;6027;6028;
Rua Dom Frei Nuno de Goyos;5;6035;6036;6037;6038;6039;
Rua Central do Seixo;53;6042;6043;6044;6045;6046;6047;6048;6049;6050;6051;6052;6053;6054;6055;6056;6057;6058;6059;6060;6061;6062;6063;6064;6065;6066;6067;6068;6069;6032;4210;6070;6071;6072;6073;6074;6075;6076;6077;6078;6079;6080;6081;6082;6083;6084;6085;6086;6087;6088;10577;10575;10578;1484;
Rua da Amieira;16;6099;6100;6101;6102;6103;6104;6098;6105;6106;5846;6042;10579;1458;14505;14506;14507;
Rua do Monte da Mina;16;6107;6108;5998;6109;6110;6111;6039;6112;6113;6114;6115;6116;6117;6118;6119;1499;
Rua Dom Frei Álvaro Camelo;7;6126;6127;6128;6028;6129;6130;6131;
Rua Arroteia;22;6132;6133;6134;6026;6135;6126;6136;6137;6138;6125;9811;9812;9813;9814;9815;9816;9817;9818;9819;9820;9821;9822;
Rua Dom Frei Gonçalo Pais;9;6139;6140;6141;6142;6143;6144;6145;6146;6147;
Rua Dom Frei João Coelho;3;6148;6149;6026;
Travessa Dom Frei Nuno de Goyos;3;6150;6151;6036;
Rua da Fonte Velha;38;6152;6153;6154;6155;6156;6157;6158;6159;6160;6161;6162;6163;6164;6165;6166;6167;6168;6169;6170;6171;6172;6173;6174;6175;6178;6212;6213;6214;7447;1497;7365;9347;9341;9348;5997;11897;11898;11899;
Rua de Santiago;43;6178;5997;6179;6180;6181;6182;6183;6184;6185;6186;6187;6188;6189;6190;6191;6192;6193;6194;6195;6196;6197;6198;6199;6200;6201;6202;6203;6204;6205;6206;6207;6208;6209;6210;6211;7572;7573;7574;7575;7576;7567;7577;7578;
Praça do Padrão da Légua;14;6215;6216;6217;6218;6219;6220;6221;6222;6183;6176;6223;6224;6225;6226;
Travessa Padre Manuel Bernardes;3;6227;6228;6229;
Rua de Além;21;6230;6231;6232;6233;6234;6235;6236;6237;6238;6239;6240;6241;6242;6243;6244;6245;6246;6247;6248;6249;6187;
Travessa de Além;7;6252;6253;6254;10307;10310;10311;6238;
Rua da Lameira;4;6255;6256;6257;6236;
Rua da Vessada;6;6258;6259;6260;6261;6262;6263;
Rua da Agra;6;6265;6266;6267;6263;6268;6244;
Rua da Bouça;18;6288;6289;6290;6291;6292;6293;6294;6295;6296;6297;6298;6299;6300;6301;6302;6303;6304;6209;
Rua Simões de Almeida;19;6307;6308;6309;6310;6311;6312;6313;6314;6315;6316;6317;6318;6319;6320;6321;6305;6322;6323;6306;
Travessa da Bouça;18;6328;6329;6294;3448;12664;12663;12665;12666;13678;13679;13680;13681;13682;4246;4247;13688;3103;13689;
Travessa da Quinta;6;6330;6331;6332;6333;6334;6335;
Travessa de São Gens;6;6343;6344;6345;6346;6347;6348;
Rua Rui Gameiro;6;6349;6350;6351;6352;6348;6353;
Rua da Volta;6;6358;6359;6360;6361;6362;6296;
Rua Nova de Avilhó;8;6363;6364;6365;6288;6366;6367;6368;6195;
Travessa Xanana Gusmão;8;6371;6372;6373;6374;6375;6376;6377;2498;
Rua José Frederico Laranjo;3;6402;3670;3652;
Avenida Conselho da Europa;8;6408;6409;6725;6726;6727;6728;13285;13286;
Rua de Álvaro Ferreira Alves;4;6411;6412;6413;6414;
Rua Professor Álvaro Rodrigues;14;6425;6426;6427;6428;6898;6899;6900;6901;6902;6903;6904;6905;6906;6907;
Rua da Levadinha;51;6429;6430;6431;6432;6433;6434;6435;6436;6437;6438;8430;10475;10476;10477;10478;10479;10480;10481;10482;10483;3193;10484;10485;10486;10487;10488;10489;10490;10491;10492;10493;10494;10495;10496;10497;10498;10499;10500;10501;10502;10503;10504;10505;10506;10507;10508;10509;10510;10511;10512;13058;
Rua do Professor Carlos Teixeira;5;6440;6441;6442;6443;6444;
Urgência Adultos;12;6498;6499;6500;6501;6502;6503;6504;6505;6506;6507;6508;6509;
Urgência Neonatologia;6;6510;6511;6512;6513;6514;6515;
Entrada Urgências;16;6516;6517;6518;6519;6520;11095;11096;6509;11097;11098;11099;11100;6510;11101;11102;11103;
Urgência Pediatria;11;6520;6521;6522;6523;6524;6525;6526;6527;6528;6529;6530;
Rua de Robert Auzelle;16;6531;6532;3865;3870;5897;3873;5905;3883;3887;3882;6414;6411;5908;6533;5911;6534;
Rua de Baltazar Falcão;11;6734;6735;6736;6737;6738;6739;6740;6741;6742;6743;4066;
Rua dos Castelos;7;6746;1694;6977;6978;6979;6980;5031;
Rua da Fonte das Sete Bicas;14;6802;6803;6804;6805;7828;7829;7830;7831;7832;6852;6799;7833;7834;1533;
Rua Domingos Bontempo;9;6831;6832;6833;6834;6835;6836;6837;7403;7371;
Rua de Vasco Santana;10;6860;3819;3793;3830;3828;10636;14179;10440;14180;9978;
Rua de Martim Moniz;24;6918;6919;6920;6921;9503;5991;9504;9505;9506;5906;9507;9508;9509;5923;9510;9511;1892;12858;12859;10094;12860;12861;6909;3844;
Avenida Merignac;5;6924;6925;6935;6936;6937;
Rua Sarmento de Beires;19;6981;6982;5027;6983;6984;6985;6986;6987;6988;6989;6990;6991;6992;6993;6994;6725;12869;12870;399;
Rua de Trás;32;7085;7086;7087;7088;7089;7090;7091;7092;7093;7094;7095;7096;7097;7098;7099;7100;7101;7102;7103;7104;7105;7106;7107;7108;7072;7109;7110;7111;7112;7113;7114;7115;
Rua Luís de Camões;5;7140;7141;7142;7143;7144;
Rua de Oslo;6;7148;7149;7150;7151;7152;7153;
Rua de Madrid;10;7177;7178;7179;7132;7180;7181;7182;7183;7184;7185;
Rua 11 de Março;8;7195;7196;7197;7198;7199;7200;7201;7202;
Rua Nova de São Gens;29;7203;7204;7205;7206;7207;7208;7209;7210;7211;7212;7213;7214;7215;7216;7217;7218;7219;7220;7144;7147;7251;7252;7253;7254;7115;13638;13639;10455;13640;
Travessa da Fonte Velha;12;7222;7223;7224;7225;7226;7227;7228;7229;7230;7231;7232;6169;
Rua Professora Maria dos Anjos e Sanos;7;7239;7240;7241;7242;7243;7202;7143;
Rua de Bruxelas;4;7244;7245;7121;7246;
Rua de Haia;5;7247;7248;7249;7250;7184;
Rua Alto do Monte;3;7270;7271;7272;
Rua Doutor José Marinho;15;7273;7274;7275;7276;7277;7278;7279;7280;7281;7282;7283;7284;7269;7285;7286;
Rua Doutor Delfim dos Santos;20;7287;7288;7289;7290;7273;10772;10773;7310;10774;10775;10776;10777;7297;10778;10779;10780;10781;10366;10782;4228;
Rua da Travagem;16;7291;7292;7293;7294;7276;7295;7296;7297;7298;7299;7300;7301;7302;7272;7303;4238;
Travessa Doutor José Marinho;1;7304;
Travessa Alto do Monte;6;7310;7311;7312;7270;7313;7314;
Rua Raúl Proença;13;7315;7316;7317;7318;7319;7320;7321;7322;7323;7324;7325;6166;7351;
Rua Nortecoope;7;7326;7327;7328;7329;7330;7331;7332;
Travessa Domingos Bontempo;3;7333;7334;7335;
Travessa Luís Freitas Branco;6;7336;7337;7338;7339;7340;10789;
Rua Dona Antónia Augusta de Sousa;10;7341;7342;7343;7344;7345;7346;7347;7348;7349;7350;
Rua António Sérgio;17;7351;7352;7353;7354;7355;7356;7357;7358;7359;7360;7361;7362;7363;7326;7332;7364;7365;
Rua Frederico de Freitas;19;7366;7367;7368;7359;10939;10940;10941;10942;10943;10944;10945;10946;10947;10948;10949;10920;10950;10951;7318;
Rua Oliveira Martins;9;7369;7370;7357;10952;10953;10954;10955;10956;10923;
Travessa António Sérgio;4;7371;7372;7373;7355;
Rua Irene Lisboa;3;7374;7375;7376;
Rua Luís de Freitas Branco;24;7383;7366;7384;7385;7386;7387;7360;10783;10784;10785;10786;10787;10788;10789;10790;10791;10792;10793;10794;10795;10796;10797;10798;7321;
Rua Jaime Cortesão;5;7388;7389;7390;7391;7392;
Travessa da Chavinha;7;7393;7394;7395;7396;7397;7398;7399;
Rua Dom Freire Garcia Martins;7;7400;7401;7374;7392;7402;7403;7353;
Rua António Fragoso;12;7404;7405;7406;7407;7408;7409;7410;7411;7412;7358;7413;6834;
Rua da Chavinha;13;7414;7415;7393;7416;7417;7418;7419;7420;7421;7422;7423;7424;7425;
Rua Alves Redol;3;7426;7427;7389;
Travessa de Santiago;9;7428;7429;7430;7431;7432;7433;7434;7435;7436;
Rua de Avilhó;13;7438;7439;7440;6353;7441;7442;7443;7444;7445;7446;6163;10938;7513;
Travessa Simões de Almeida;2;6307;7448;
Rua Avelino Soares Carneiro;4;7501;7502;7503;7489;
Viela do Abraços;2;7505;7506;
Rua Doutor Eugénio da Cunha e Freitas;9;7507;7508;7509;5470;9326;9327;9328;9329;9321;
Travessa de Santiago                                                   Travessa de Santiago;3;7436;7510;7511;
Praceta de Avilhó;6;7513;7514;7515;7516;7517;7518;
Rua de Faria Guimarães;24;7523;7524;8446;8447;8448;8449;8450;8451;9461;9462;9463;9464;9465;9466;9467;2012;9468;9469;9470;14615;14622;14623;492;14624;
Rua do Sal;2;7566;7567;
Rua do Fogo;5;7568;7569;7570;7571;3414;
Rua do Pico;3;7579;7580;7581;
Rua da Ilha Terceira;7;7582;7583;7581;7584;7585;7586;7572;
Rua de Santo Antão;2;7587;7575;
Rua da Santa Maria;4;7588;7589;7568;7590;
Rua do Corvo;3;7591;7592;7583;
Rua do Príncipe;2;7590;7573;
Praça da Ilha Brava;3;3418;7578;2141;
Rua da Ilha Verde;3;7597;7598;7599;
Rua do Tua;2;3090;3485;
Rua António de Sousa e Silva;2;7612;7613;
Travessa Aldeia Nova;11;7680;7681;3550;7682;7683;7684;7685;7686;7687;7688;7689;
Rua Novas Construções;6;7694;7695;7696;7697;738;1058;
Travessa da Madalena;5;7715;7716;7717;7718;7719;
Travessa de Cortes;16;7740;7741;7742;7743;7744;7745;7746;7747;7748;7749;7750;7751;7752;7753;7754;7755;
Rua do Conde de Campo Bello;12;7756;7757;7758;7759;7760;7761;7762;7763;7764;7765;7766;7767;
Rua Cidade de Vigo;8;7772;7773;7774;7775;7776;7777;7778;7779;
Travessa da Tapada de Santo António;6;7780;7781;7782;7783;4541;4520;
Rua Albertina de Sousa Paraíso;1;7784;
Rua Rodrigues Coelho;14;7786;3735;7787;7788;7789;7790;7791;7792;3728;7793;3727;3643;7794;7795;
Rua Rodrigues Miguéis;4;7797;7798;7799;7800;
Rua dos Lagos;3;7801;7802;1553;
Rua do Doutor Correia Pinto;1;7835;
Travessa de Avilhó;20;7843;7844;7845;7846;7847;5352;4231;7854;7504;7855;7856;7857;7858;7859;7860;7861;7862;7863;7864;7495;
Acesso consultas externas;10;7865;7866;7867;7868;7869;7870;7871;7872;7873;2476;
Praça da Pedra Verde;60;7894;7895;7896;7897;7898;7899;7900;7901;7902;7903;7904;7905;7906;7907;7908;7909;7910;7911;7912;7913;4082;7914;7915;7916;7917;7918;7919;7920;7921;7922;7923;7924;7925;7926;7927;7928;7929;7930;7931;7932;7933;7934;7935;7936;7937;7938;7939;7940;7941;7942;7943;7944;7945;7946;7947;7948;7949;7950;7951;7952;
Alameda Professor Ruy Luís Gomes;10;7953;7954;7955;7956;6426;7988;6900;5959;9349;9350;
Praceta Eduardo Soares;14;7986;7987;13583;13584;13585;13586;13587;13588;13589;13590;13591;14698;14699;13609;
Rua Professor Armando de Castro;8;8007;8008;8009;8010;8011;9560;9561;10122;
Rua de Barata Feyo;16;8013;8014;8015;8016;8017;8018;8019;8020;8021;8022;8023;8024;8025;8026;8027;8028;
Rua do Cardo;3;8033;8034;8035;
Rua das Dálias;13;8036;8037;8038;8039;8040;8041;8042;8043;8044;8045;8046;8047;8048;
Rua do Trevo;3;8049;8035;1611;
Avenida Flor da Rosa;35;8050;8051;8052;8053;8054;8055;8056;8057;8058;8059;8040;8068;2990;8073;8074;8041;13831;8043;13834;13835;2989;8042;13836;9480;9482;9481;10858;10857;13837;1588;8039;13838;13839;13840;2991;
Rua das Anémonas;4;8060;8061;8062;8063;
Praça das Gardénias;7;8064;8065;8066;8067;1617;2998;3010;
Rua das Azáleas;5;8069;8070;8071;8072;8047;
Rua dos Rainúnculos;11;8075;8076;8057;9482;9483;9484;9485;9486;8061;13824;13825;
Rua de Nagasaki;10;8105;8106;8107;8120;8121;8122;8123;8124;8125;8126;
Rua Central do Viso;25;8108;8109;8110;8111;8112;8113;8114;8115;8116;9321;9322;9323;8168;12568;12569;12570;12571;12572;12573;12574;2265;13292;13293;2266;13294;
Roa Dom Jerónimo de Azevedo;4;8117;8118;8119;7560;
Rua Cidade de Recife;12;8127;8128;8129;8130;8131;8132;8120;8133;8107;8134;8116;8135;
Rua António Saldanha;8;8140;8141;8142;8143;8144;8145;8146;648;
Rua N'Dola;2;8147;8148;
Rua de Bordeaux;12;8149;8150;8140;8151;8152;8105;8126;8153;295;13578;13579;7552;
Rua Alto do Viso;14;8174;8175;8176;8177;8178;8179;8180;8181;8182;8183;8184;8185;8186;5350;
Rua Luís Azevedo Coutinho;18;8187;8188;8189;8190;8191;8192;8193;8194;8195;8196;8197;8198;8199;8200;8201;8202;8203;8224;
Rua Peneiros;1;8204;
Rua Quinta do Viso;12;8205;4753;8206;8207;8208;8209;8210;8211;8212;8213;8214;1510;
Travessa Luís Azevedo Coutinho;2;8218;1517;
Rua Augusto Simões;3;8380;8381;8382;
Rua do Castelo da Feira;1;8383;
Rua do Castelo de Faria;3;8384;8385;8386;
Rua do Castelo de Guimarães;5;8386;8390;8391;8392;6982;
Rua do Castelo de Penedono;4;6728;8393;8394;8386;
Rua do Castelo de Lanhoso;1;8399;
Rua de Sacadura Cabral;5;8427;8428;8429;3190;8430;
Rua das Cruzes;12;8431;9756;9763;9764;9765;9766;2273;12536;12537;12538;12539;5479;
Rua de Adelaide Estrada;10;8432;8433;8434;8435;8436;8437;8438;8439;8440;8441;
Rua do Campo Lindo;3;8445;1829;2083;
Rua Alfredo Espírito Santo Júnior;5;8473;8474;8475;8476;8466;
Rua Artur da Silva Maia;15;8575;8576;8577;8578;8579;8580;8581;8582;5444;8583;8584;8585;8586;8587;4259;
Travessa Doutor Egas Moniz;2;8594;8595;
Rua da Azenha de Cima;27;8618;8619;8620;8621;8622;8623;8624;8625;8626;8627;8628;8629;8630;8631;8632;8633;8634;8635;8595;8636;8637;8638;8639;6970;14206;14207;14208;
Rua Doutor Egas Moniz;16;8652;8653;8654;8655;8656;8594;8657;8658;8659;8660;8661;8662;8663;8664;8665;8666;
Travessa da Azenha de Cima;2;8698;8631;
Praceta Duarte Lobo;12;8859;8860;8861;8862;8863;8864;8865;8866;8867;8868;8869;8870;
Rua Duarte Lobo;9;8871;8872;8873;8874;8875;8876;3731;3730;8877;
Rua da Cidade de Iena;16;8882;8883;8884;8885;8886;8887;8888;8889;8890;8891;8892;8893;8894;8895;8896;6998;
Rua 4;1;8908;
Rua B2;2;8909;8910;
Rua C;4;8910;8920;8921;8001;
Rua B3;2;8922;8920;
Rua 2;6;8923;8924;8925;8926;8907;7998;
Rua 3;2;8927;8000;
Travessa Moínhos;12;8938;8939;8940;8941;8942;7689;8943;8944;8945;8946;8947;8948;
Viela Moínhos;5;8949;8950;8951;8952;3560;
Alameda Miguel Almeida;3;8963;8964;4696;
Travessa António Costa Reis;3;8966;8967;4649;
Rua Carlos de Oliveira;13;8968;8969;9610;9613;9614;9615;9608;9616;2485;10574;10575;6032;10576;
Praceta Juntos Venceremos;1;8970;
Travessa Artur Napoleão;4;9047;9048;9049;4682;
Rua Joaquim Silva Santos Rocha;11;9070;9071;9072;9073;9074;9075;9076;9077;9078;9079;827;
Praceta Joaquim Silva Santos Rocha;1;9081;
Rua Américo António Alves Oliveira;1;9082;
Rua de João Andresen;13;9173;9174;9175;9176;9177;9178;9179;9180;9181;13779;13780;13781;13782;
Rua Sara Afonso;19;9188;9189;9190;9191;9192;9193;9194;9195;9196;14045;14046;14047;3705;14048;14049;14050;6955;14051;2201;
Rua de Chaby Pinheiro;14;9274;9275;9276;9277;9278;9279;9280;9281;9282;9283;9284;9285;9286;8178;
Rua Alberto Sampaio;9;9295;9296;9297;9298;5850;5870;5861;9299;9300;
Rua da Agra de Ramalde;4;9315;9754;13289;9769;
Rua Invicta Filmes;5;9316;9317;9318;9319;6991;
Rua do Castelo de Numão;1;9320;
Rua Engenheiro Luis Delgado dos Santos;8;9330;9331;9332;8098;9774;8086;9775;5471;
Rua Conde de Aurora;5;9333;9334;3105;12667;2029;
Rua Aurélio da Paz dos Reis;14;9369;9370;5888;5885;9371;9372;9373;9374;9375;5869;10814;10815;10816;10817;
Rua dos Miosótis;14;9395;8036;9396;8075;5877;8032;2979;1592;1606;9375;9388;13340;13341;13342;
Rua de São Bernardo;2;9487;9488;
Rua Nova de Terramonte;7;9529;9530;9531;9532;9533;9534;9535;
Travessa de Terramonte;5;9536;9537;9529;9538;9539;
Rua Venal;14;9540;9541;9542;9543;9544;9545;9546;9547;9548;9549;9550;9551;9552;4816;
Travessa Venal;3;9553;9554;9555;
Travessa Nova de Terramonte;5;9556;9557;9558;9535;3514;
Rua João José Cachofel;12;9591;9592;9593;9594;9595;9596;9597;9598;9599;9600;9601;9602;
Travessa de Ormuz;6;9603;9604;9605;9606;9607;6095;
Rua Isolina Costa Lima;2;9608;9609;
Travessa Carlos de Oliveira;3;9610;9611;9612;
Rua da Pedreira;3;9617;9618;6077;
Rua Domingos Soares;1;9619;
Rua Gil Eanes;2;9620;9621;
Rua do Alecrim;7;9626;9627;9628;9676;9652;9678;10663;
Travessa da Murta;10;9638;9639;9640;9641;3715;9657;9658;9659;9655;4720;
Rua Mário Botas;5;9642;9643;9644;9645;9646;
Rua do Cedro;6;9650;9651;9652;9653;9628;10664;
Travessa Mário Botas;1;9656;
Travessa Dom Frei Luís Álvaro de Távora;1;9679;
Rua Benjamim Gouveia;2;9683;9684;
Rua de Recarei;14;5993;9690;6222;6147;9691;9692;9693;9694;6230;9695;7400;9696;9697;9698;
Rua Professor Rocha Pereira;12;9721;9722;9723;9724;9725;9726;9727;9728;9729;9730;9731;5785;
Travessa das Cruzes;21;9736;9737;9738;9739;9740;9741;9742;9743;9744;9745;9746;9747;9748;9749;9750;9751;9752;9753;9754;9755;9756;
Rua de António Sérgio;8;9767;9768;9769;9770;9771;9772;9773;638;
Rua John Whitehead;1;9779;
Travessa da Bica Velha;6;1759;9781;9782;9783;13545;9786;
Rua Dom João de Azevedo;11;9798;9799;9800;9801;9802;9803;9804;9805;9806;9807;7558;
Praceta Elaine Sanceau;1;9808;
Rua Professor Manuel Borges de Azevedo;2;9823;9824;
Travessa Professor Manuel Borges de Azevedo;3;9825;9826;9827;
Rua da Senhora do Porto;17;9300;5876;9828;9829;5862;5691;14318;14319;14320;5764;5739;14321;13731;5761;13322;14322;384;
Travessa Monte de São Gens;12;9830;9831;9832;9833;9834;9835;9836;9837;9838;9839;9840;9841;
Rua Monte de São Gens;11;9842;9843;9844;9845;9833;10367;10368;10369;10370;10753;10754;
Rua Filinto Ilisio;6;9846;9847;9848;7265;7305;9849;
Rua Doutor Roberto Frias;8;2075;10469;10470;10471;10472;10473;10474;8359;
Avenida de Manuel Pinto de Azevedo;23;9986;6793;7827;9987;9988;9989;9990;9991;9992;9993;9994;3713;9995;9996;9997;9998;9999;10000;10001;10002;10003;10004;9969;
Rua de António Augusto Pinto Félix;14;10075;10076;10077;10078;10079;10080;10081;10082;3242;14502;11678;11734;14503;14504;
Rua Raul Castro;8;10083;10084;10085;10086;10089;10090;10091;7612;
Rua Pirmin Treku;2;10145;10146;
Rua Rui Lourenço de Távora;2;10148;9797;
Rua Direita de Pereiró;7;10149;10150;10151;10152;10153;10154;11515;
Travessa do Viso;9;10155;10156;10157;10158;10159;10160;10161;10162;10163;
Rua Paulo Sarmento;2;10164;10165;
Travessa Dom António Castro Meireles;5;10224;10225;10226;10227;10228;
Rua das Desertas;1;10233;
Rua de Maio;2;10234;10235;
Rua de Porto Santo;3;10236;10237;7584;
Rua de São Jorge;9;10238;10233;10239;10240;10241;10242;10243;10244;10245;
Rua das Berlengas;19;10246;10247;10248;10249;10250;10251;7779;10252;10253;10254;10255;10256;10257;10258;10259;10260;10261;10238;7582;
Rua de Recarei de Cima;9;10272;10273;10274;10275;10276;10277;10278;10279;10280;
Rua do Sol;6;10281;10282;10272;10283;10284;10285;
Travessa de Recarei;3;10286;10287;9696;
Travessa do Sol;3;10288;10289;10279;
Rua Dom Frei Rodrigo da Cunha;8;10299;10300;6211;10301;10302;10303;10304;9695;
Travessa da Lameira;3;10305;10306;10307;
Travessa da Vessada;3;10308;10309;6260;
Viela António Sérgio;4;10312;10313;10314;7373;
Viela da Fonte Velha;5;10348;10349;10350;10351;6167;
Travessa Correia Garção;4;10363;7283;10365;10366;
Jardim Francisco Almeida;1;10364;
Travessa Francisco Franco;5;10371;10372;10373;10374;10375;
Travessa Soares dos Reis;8;10376;10377;10378;10379;10380;10381;10382;10371;
Travessa Alto do Viso;3;10397;10398;10399;
Travessa da Travagem;9;10457;10458;10459;10460;10461;10462;10463;10464;7279;
Rua Dom Frei Lopo Pereira de Lima;14;10514;10297;10515;10516;10517;10518;10519;10520;10521;10522;10523;10524;10525;10526;
Rua Padre Manuel Bernardes;14;6019;10529;10530;10531;10532;10533;4214;6229;10534;10535;10536;10537;10538;1496;
Rua de Recarei de Baixo;3;10539;10540;10541;
Rua do Barroco;7;10542;10543;10544;10545;10546;10547;10526;
Rua do Rio da Aldeia;3;10548;10549;10550;
Rua António Francisco da Costa;1;10573;
Rua da Creche;2;10580;10581;
Rua da Realidade;6;10582;1469;10583;10584;10585;10586;
Travessa Gil Eanes;3;10601;10602;10603;
Travessa Nova do Seixo;2;10604;1482;
Travessa de Diu;3;10605;10606;10607;
Praceta 14 de Junho;2;10614;10615;
Rua Artur Luís Barbosa;6;10616;10617;10618;10619;10620;10621;
Rua Fradique Morujão;10;10630;10631;10632;10633;10634;10635;3780;11535;7737;3785;
Rua Alberto Augusto Mendonça;4;10648;10649;3719;4314;
Rua Vitorino Nemésio;6;7797;10650;10651;10652;10653;3645;
Rua das Andorinhas;3;10654;10655;6387;
Rua Adelino Augusto Sequeira;1;10656;
Rua Amadeo de Souza Cardoso;1;10657;
Rua João Rosa;7;10658;10659;3721;3707;10660;10661;6953;
Rua Natividade Negreiros;1;10662;
Nova Transversal da Rua de São Gens;3;10665;10666;10667;
Rua António Pedro;7;10677;10678;9274;10679;10680;10681;7702;
Rua Clubes de Serviços;3;10682;10683;10684;
Rua Fernando Oliveira Leite;3;10685;10686;4725;
Travessa António Ramalho;3;10687;10688;4667;
Rua de Daniel Filipe;3;10691;10692;10693;
Rua dos Amigos do Porto;4;10694;10695;10696;10697;
Praceta Henrique Medina;1;10704;
Rua Dom Frei Luís Álvaro de Távora;4;10705;10706;10707;10597;
Viela dos Fogueteiros;3;10729;10730;4679;
Rua Bouça de Cima;7;10747;10748;10749;10750;10751;10752;6351;
Rua Soares dos Reis;14;10755;10756;10757;10758;10759;10760;10761;10376;10762;10763;10764;10765;10382;10367;
Praceta Nortecoope;4;10766;10767;10768;7329;
Rua Augusto Ribeiro;4;10769;10770;10771;7225;
Rua da Quinta;5;10801;10802;6330;10803;6364;
Rua Américo Gomes;1;10813;
Rua de Cassiano Branco;5;10818;10819;10820;3430;10821;
Rua da Florinha da Abrigada;10;10822;10823;8063;10824;10825;10826;8048;10827;10828;1614;
Rua Irmã Maria Droste;3;10829;10830;10831;
Rua Jorge Gigante;6;10818;10832;10833;10834;10835;10836;
Rua das Papoilas;7;10837;10838;8076;10839;10840;10841;1590;
Rua das Túlipas;3;10842;10843;10822;
Rua de Sousa Caldas;1;10844;
Rua dos Crisântemos;6;10845;10846;13821;13822;13823;8045;
Rua dos Junquilhos;17;10847;10848;10849;10850;10840;10823;10851;10852;10853;10854;10855;10856;10857;13829;13830;13832;13833;
Rua dos Lírios;11;10858;10859;10860;10861;10862;10863;10864;8063;13827;13828;8055;
Rua de Picoto;5;11267;11268;11269;4196;4854;
Praça de Lavadores;6;11276;11277;11278;11279;11280;8622;
Travessa 25 de Abril;2;11543;11544;
Rua da Vitória;12;11545;11546;11547;11548;11549;11544;11550;11551;11552;11553;11554;11555;
Praça de Malaca;6;11564;11565;5830;11566;11567;5828;
Praceta António Ribeiro;4;11568;11569;11570;1503;
Rua Maria Peregrina de Sousa;4;11575;11576;11577;11578;
Rua Marques de Abreu;7;11595;11596;11597;11598;11599;11600;2095;
Rua Plácido de Abreu;6;11603;11604;11605;11606;11607;10493;
Rua Luis Ferreira;9;11620;11621;10164;11622;11623;11624;11625;11626;11627;
Rua Voz dos Ridículos;1;11628;
R. Interior da STCP;49;11629;11630;11631;11632;11633;11634;11635;11636;11637;11638;11639;11640;11641;11642;11643;11644;11645;11646;11647;11648;11649;11650;11651;11652;11653;11654;11655;11656;11657;11658;11659;11660;11661;11662;11663;11664;11665;11666;11667;11668;11669;11670;11671;11672;11673;11674;11675;11676;11677;
Rua Serviço STCP;91;11678;11679;11680;11681;11682;11683;11684;11685;11686;11687;11688;11689;11690;11691;11692;11693;11694;11695;11696;11697;11698;11699;11700;11701;11702;11703;11704;11705;11706;11707;11708;11709;11710;11711;11712;11713;11714;11715;11716;11717;11718;11719;11720;11721;11722;11723;11724;11725;11726;11727;11728;11729;11730;11731;11732;11733;11734;11735;11736;11737;11738;11739;11740;11741;11742;11743;11744;11745;11746;11747;11748;11749;11750;11751;11752;11753;11754;11755;11756;11757;11758;11759;11760;11761;11762;11763;11764;11765;11766;11767;11768;
Rua António Nicolau d'Almeida;3;11841;11842;11843;
Rua Pereira Reis;2;11881;1709;
Largo do Souto;7;11882;9340;6175;9348;7341;11896;9335;
Rotunda da Associação Empresial de Portugal;32;11900;11901;11902;11903;11904;9202;11905;284;11906;11907;11908;11909;11910;11911;11912;273;11913;11914;11915;11916;11917;11918;11919;1920;11920;11921;11922;11923;11924;11925;11926;9873;
Travessa da Liberdade;2;12261;12262;
Rua das Regadias;1;12263;
Rua do Bairro da Brisa;20;12323;12324;12325;12326;12327;12328;12329;12330;12331;12332;12333;12334;12335;12336;12337;12338;12339;12340;12341;12342;
Rua do Seixido;11;12354;12355;12356;12357;12358;12359;12360;12361;12362;12363;12364;
Travessa da Catula;3;12381;12382;12383;
Travessa da Fonte da Moura;2;12418;4103;
Rua Nova da Levadinha;4;12420;12421;12422;10508;
Travessa de Requesende;26;12440;12441;12442;5610;12443;12444;12445;12446;12447;12448;11620;12449;12450;12451;12452;12453;12454;12455;12456;12457;12458;12459;12460;12461;12462;12463;
Rua dos Heróis de Mucaba;3;12575;12576;9489;
Travessa de Luz Soriano;5;12581;12582;1729;13572;13573;
Travessa de Augusto Lessa;4;12583;12584;12585;12586;
Rua de Silva Porto;5;12669;1776;12670;9787;12671;
Rua do Vale Formoso;6;1768;12871;12872;12826;3614;2205;
Rua Aleixo Fernandes;10;12927;12928;12929;12930;6941;12935;12936;12937;12938;12939;
Praceta José Luís Nunes;4;13035;13036;13037;13038;
Rua do Grupo de Danças e Cantares Nossa Senhora de Guadalupe;17;13259;13260;13261;13262;13263;13264;13265;13266;13267;13268;13269;13270;13271;13272;13273;13274;13275;
Rua da Calçada;3;13290;13291;9759;
Rua Professor Fernando Magano;11;5784;13295;13296;13297;5773;13298;13299;13300;13301;13302;13303;
Praceta do Doutor Jaime Cortesão;4;13304;14323;14324;14325;
Rua do Professor Carlos Lima;26;13305;13306;13307;13308;13309;13310;13311;9734;13882;13883;13884;13885;13886;13887;13888;13889;13890;13891;13892;13893;13894;13895;13896;13897;13898;13899;
Rua do Engenheiro Nuno de Meireles;13;13323;13324;13325;13326;13327;13328;13329;13330;13331;13332;13333;13334;393;
Rua dos Jasmins;2;13339;9387;
Rua da Cidade das Neves;5;13352;13353;13354;13355;13356;
Rua de Dórdio Gomes;14;13357;13358;13359;13360;13361;13362;4060;13363;13364;13365;13366;13367;13368;13369;
Rua de Joaquim Lopes;14;13370;13371;13372;13373;13374;13375;13376;13377;13378;13379;13380;13381;13382;13383;
Rua de Januário Godinho;5;13384;13385;13386;13387;13361;
Rua de Arménio Losa;5;13393;13394;13395;13396;13366;
Rua de Manuel Marques;7;13397;13398;13399;13400;13401;13402;4060;
Rua de Tomás Soller;6;3871;13403;13404;13405;13406;3861;
Beco do Machado;2;13441;13442;
Praceta de José Régio;14;13443;13444;13445;13446;13447;13448;13449;13450;13451;13452;13453;13454;13455;13456;
Viela de Lamas;9;13467;13468;13469;13470;13471;13472;13473;13474;3075;
Alameda 25 de Abril;1;13513;
Rua Luís de Aguiar;8;13546;13547;13548;13549;13550;13551;13552;3597;
Rua das Rosas;2;13567;13568;
Rua do Viso;5;13574;13575;13576;13577;2284;
Rua Gonçalo Nunes de Faria;6;13595;13596;13597;13598;13599;13600;
Rua de Soeiro Mendes;13;13601;13602;13603;13604;6922;5957;13605;13606;13607;13608;13609;6911;3844;
Viela da Bouça;6;13683;13684;13685;13686;13687;13688;
Rua do Doutor Júlio de Matos;9;13690;13691;13692;11822;13693;13694;11825;11830;3075;
Travessa de Lamas;11;13707;13708;13709;13710;13711;13712;13713;13714;13715;13716;13717;
Rua do Actor Ferreira da Silva;17;13718;13719;2168;13720;12642;13721;13722;13666;13723;9359;13724;13664;13725;13726;3088;13727;1991;
Rua do Engenheiro Machado Vaz;7;13807;13808;13809;13810;13811;13812;1586;
Rua dos Cravos;4;8070;10828;2988;10846;
Rua de Vasco de Lima Couto;3;14201;14202;9372;
Rua dos Abetos;5;14669;14670;14671;14672;2319;
Rua do Cabouço;5;14673;14674;14675;14676;14677;
